351.32307166809005
366.22987267200006
365.33872173209005
365.33872173209005
365.33872173209005
373.215699828
402.242248924
395.16845806000003
368.25686325209
362.31579521599997
362.290643088
356.268845024
367.22512164
371.24329712409
380.30527624418005
387.2858920560001
363.311044184
424.1950071560001
348.28702050809
412.1950071560001
412.1950071560001
412.1950071560001
371.21207724809005
363.24154753609
409.17185048400006
391.165413844
376.24992114800006
406.212650588
361.30742160409
391.230743176
353.2481924760901
396.16370702800003
362.31579521599997
417.17693586400014
348.30014515199997
385.145157068
369.23967454418
398.179357092
369.23967454418
369.23967454418
362.31579521599997
358.2856379600001
361.29539412
385.15895599600003
367.2495868
348.30014515199997
387.2858920560001
346.28449508799997
370.25934296
400.1932357120901
367.2495868
346.28449508799997
366.31070983599994
362.290643088
367.2495868
310.28449508799997
379.27359605600003
384.276822864
392.2801241161801
387.27465867600006
366.25656608800006
400.20446909209005
349.29539412
396.1385549000001
354.26557121200005
377.25719760009
389.18505212818
389.18505212818
355.22402448018
389.18505212818
398.1793570920001
387.28668616009
384.2516707360001
384.2516707360001
349.30742160409
368.22459726399995
378.24344144409
354.2201805799999
357.229538324
361.30742160409
348.28702050809
373.21460266818
392.197000524
395.16845806
387.29791954009005
383.24450142000006
383.22003626000003
364.275073276
390.2434414440901
338.31579521599997
352.275073276
390.2434414440901
367.23714912408997
385.2156998280001
399.17460606000003
353.270322244
351.274658676
375.26342529600004
346.27137044409
397.15895599600003
376.2619486320901
390.2434414440901
364.33144527999997
357.264093992
390.20705593609006
378.271879716
386.27940970799995
368.24552273600005
354.22987267200006
369.264093992
375.311044184
360.30014515199997
385.27103609609003
363.274658676
363.274658676
363.274658676
360.30014515199997
374.31579521599997
393.28924612000003
375.32307166809005
338.31579521599997
419.16822790409003
361.30742160409
391.2728476640901
403.21388826
352.26194863209
393.20672158809015
337.25900861200006
378.24344144409
391.165413844
347.29177154009005
394.18421231609005
369.17356473600006
379.27915616809
378.24344144409
378.274324328
354.22987267200006
354.228042832
364.275073276
354.310709836
338.31579521599997
349.25900861200006
352.33144527999997
377.27907536000004
391.29472542400003
352.33144527999997
391.29472542400003
377.27907536000004
363.26342529600004
377.27907536000004
391.29472542400003
376.24992114800006
376.24992114800006
376.24992114800006
359.268510676
345.264093992
362.31579521599997
400.256229652
361.30742160409005
384.274993024
353.270322244
330.25433783200003
361.30742160409005
362.279409708
375.170499224
402.26557121200005
407.2545919280001
382.25934296
407.2545919280001
363.25467218
407.2545919280001
310.28449508799997
348.30014515199997
381.240771704
363.25467218
398.16555816400006
402.13215544809003
385.25894718809
384.2516707360001
368.19601258409006
371.23206374408994
419.20461341209005
368.24552273600005
417.14305448009003
419.20461341209005
403.14953418400006
332.243692896
379.199969512
419.20461341209005
364.24091602399994
401.25575307199995
354.22018058000003
338.31579521599997
363.27465867600006
392.28752978
349.259008612
355.22512164
397.18154257599997
363.25467218
351.25467218
387.2858920560001
355.22512164
412.28193512808997
347.29177154009
392.272216152
367.23714912409
347.24335854800006
364.24992114800006
362.2662850640901
377.270322244
377.270322244
377.270322244
339.311044184
353.326694248
353.326694248
346.284495088
353.326694248
357.264093992
296.268845024
324.30014515199997
355.27284766409
353.28234972809
338.315795216
364.33144527999997
376.27507327600006
365.27032224400006
374.315795216
345.264093992
367.2495868
324.30014515199997
369.169830528
385.25894718809
352.33144527999997
354.24121318809
385.25894718809
367.23714912409
355.29799979208997
365.326694248
365.326694248
365.270322244
354.23220806408995
415.11383564400006
373.2048648640001
368.22459726399995
386.240579588
374.240579588
351.274658676
380.243692896
373.2048648640001
385.215699828
362.315795216
351.311044184
423.23368528409003
427.20861340809006
423.23368528409003
362.19857254400006
423.23368528409003
427.20861340809006
353.28234972809
384.274993024
374.30267057209005
357.2640939920001
346.28449508799997
364.27507327600006
397.215699828
394.2856379600001
346.28449508799997
391.27284766409
348.30014515199997
376.26194863208997
365.21966922009
364.306293152
388.29505977199995
388.29505977199995
388.29505977199995
365.25392323200003
358.27137044409
399.17460606000003
314.259423212
338.31579521599997
314.259423212
364.256229652
338.31579521599997
314.259423212
380.30527624418005
365.326694248
341.20837441618
376.275073276
376.275073276
376.275073276
373.2168923480901
368.24552273600005
372.19529873199997
370.178709692
385.215699828
374.30267057209005
393.20427697609
387.2269783640901
386.2309352920001
373.181542576
412.3062931520001
412.3062931520001
412.3062931520001
368.22116471209006
398.1524335200901
376.275073276
373.19357006009005
427.20861340809006
403.20175155600003
373.19357006009005
373.19357006009005
373.19357006009005
373.19357006009005
373.19357006009005
350.27145069609
391.165413844
409.18410812400003
347.279744056
350.21214131609
371.23126964
348.28702050809
350.24302420000004
341.209471576
378.20472054400005
383.2797440560001
393.24077170400005
393.24077170400005
369.27726434809006
361.28226947609005
361.30742160409
396.13855490000003
369.27726434809006
347.29177154009
333.264093992
367.22512164000005
393.19796847209005
347.279744056
407.17672747600005
363.26342529600004
362.27940970799995
369.25400348399995
356.243692896
358.25934296
383.26851067600006
353.31546086799995
353.31546086799995
353.31546086799995
365.20947157600006
385.30742160409
338.259423212
390.23793882
350.27145069609
350.27145069609
364.256229652
358.19510870399995
369.169830528
377.1797929880001
332.28087250809
339.25467218000006
368.24552273600005
386.165558164
359.17791999609
350.27145069609
362.31579521599997
375.194964384
350.27145069609
351.218286672
350.27145069609
375.274658676
375.274658676
375.274658676
377.326694248
392.22270600009006
373.259008612
392.22270600009006
388.269907644
351.218286672
376.22779138009
373.259008612
373.259008612
379.27915616809
373.259008612
373.259008612
373.259008612
378.27432432800003
378.27432432800003
397.15895599600003
378.27432432800003
370.28449508799997
390.20705593609006
355.24844392800003
335.304896184
321.28924612
335.304896184
367.22745703209006
335.304896184
348.263759644
348.263759644
348.263759644
323.268510676
354.26557121200005
391.27284766408997
365.270322244
362.24629856809
356.272216152
365.209471576
332.268845024
340.275073276
351.218286672
350.25942321200006
365.21180696809006
336.274993024
361.28416074000006
371.24329712409
357.2043861959999
382.2247872920001
382.2247872920001
382.2247872920001
345.264093992
358.25934296
360.263759644
371.23126964
371.23126964
371.23126964
324.30014515199997
396.16766634
378.20472054400005
386.25425758
335.279744056
372.22045086
336.28702050809
396.16766634
397.15895599600003
389.2571976000901
381.25623174000003
390.26557121200005
363.311044184
389.27907536000004
356.268845024
368.24552273600005
384.274993024
373.29539412
393.240771704
384.274993024
373.29539412
393.240771704
373.29539412
384.274993024
393.240771704
361.2590086120001
371.24335854800006
376.23352213600003
360.30014515199997
404.22037060800005
404.22037060800005
404.22037060800005
392.22270600009006
403.2495868
328.275073276
396.13855490000003
388.204530516
337.239022116
369.27726434809006
396.13855490000003
365.22493161200003
373.20486486400006
373.20486486400006
324.30014515199997
373.20486486400006
349.25900861200006
387.28668616009
397.1589559960001
364.256229652
338.31579521599997
350.31579521599997
368.28122127600005
393.19796847209005
377.23393673600003
363.22051492800006
358.28449508799997
379.27473892800003
324.30014515199997
377.1797929880001
364.275073276
377.1797929880001
405.26965410409
409.26342585209
376.24992114800006
361.29539412
335.279744056
377.27907536000004
350.25505168409
384.274993024
413.19025612400003
372.274993024
393.24077170400005
393.24077170400005
393.24077170400005
393.24077170400005
379.22512164
