64
56
67
67
67
54
59
54
57
64
60
58
55
57
64
61
63
59
59
58
58
58
54
54
54
52
56
56
63
55
57
53
64
55
61
49
57
55
57
57
64
60
61
51
56
61
61
59
57
57
56
59
64
60
56
56
61
63
61
61
59
57
60
49
56
57
54
54
54
54
55
63
59
59
62
57
58
54
56
63
59
54
53
54
63
57
56
59
59
62
58
59
57
55
54
57
58
60
57
52
58
59
66
57
55
59
62
58
55
58
64
62
61
59
59
59
62
65
64
66
62
55
63
60
58
56
56
55
58
52
60
54
49
60
58
61
55
52
59
63
62
56
65
62
65
65
65
62
59
62
65
56
56
56
59
56
64
59
63
60
57
54
63
60
51
60
59
58
59
56
59
56
61
58
56
53
52
60
59
52
57
59
58
54
59
51
52
52
59
57
63
54
62
59
62
56
54
54
56
55
61
54
64
60
63
57
54
55
58
59
59
59
61
64
64
59
64
57
53
59
57
59
62
66
60
58
65
56
56
59
52
60
65
54
60
57
61
65
65
58
56
51
53
57
56
55
58
56
53
55
64
62
61
58
61
52
61
58
59
60
63
57
59
59
56
63
59
60
61
58
52
62
64
64
64
57
58
54
53
62
53
56
62
53
64
65
51
60
60
60
55
58
51
51
55
63
54
58
57
52
66
66
66
56
51
60
54
58
55
54
54
54
54
54
58
52
57
58
52
55
59
55
51
53
61
59
59
60
59
63
49
60
60
55
55
53
58
54
59
60
58
54
56
61
64
64
64
53
65
55
58
58
58
56
51
52
50
58
54
58
52
51
58
64
52
58
51
58
60
60
60
66
57
58
57
60
51
56
58
58
60
58
58
58
61
61
52
61
61
55
55
61
58
61
56
61
57
57
57
56
56
60
58
55
60
53
56
57
51
56
54
56
61
57
52
57
57
57
56
56
58
55
55
55
59
52
53
58
57
55
58
52
52
58
61
59
63
63
58
58
60
62
59
60
62
59
62
60
59
57
56
55
62
57
57
57
57
59
56
49
55
52
60
49
56
53
53
59
53
56
63
52
56
62
63
59
53
55
54
60
61
59
50
59
50
60
60
56
61
57
62
57
60
57
59
59
59
59
59
56
