188.094963004
450.21760355609
200.040819256
270.184446704
536.100947146
438.144038436
195.015413032
153.10223945609
214.12184644799999
583.1386357719999
365.10454170800006
285.10481648
451.204196168
150.963275912
434.152494944
247.136099544
256.178692628
284.209992756
277.150035356
220.103419512
149.029920224
253.14477296408998
233.13968758408998
406.20049069199996
425.26515661200006
500.16689912000004
321.07282636
447.21501230391
325.07865922
288.12309967791003
278.14991792009
326.108898816
355.060307546
321.10158782409
322.16898724990995
272.13855913199995
562.145695312
257.11642672
405.27612147609005
252.101111004
282.09234220209004
271.17835828
261.1338081
449.14689820409006
341.05819590399994
309.230393852
342.17469318809
287.14348717591
277.12872272
199.157228912
596.132167022
174.09054632
460.21960338800017
508.24554962009006
223.01828666391
385.14264146799997
273.149380258
177.99280018791
363.1807582920001
320.16450536408996
299.10349268600004
665.0533382439999
407.2182064200001
268.149701008
527.1297109
303.242295928
335.0144409158201
99.068413908
311.14224754400004
484.19793073209
480.1560829840901
230.12799444799998
559.102250264
253.14477296408998
577.990307708
416.124956402
123.04326178
360.09472861609004
304.132411132
464.27221615200006
215.11709541599998
307.07219255800004
324.08671416990995
375.03607556591
330.18042394400004
372.15076362800005
295.13207678400005
390.0885572959999
404.08478801200005
297.09358310000005
271.020790788
243.137162164
138.10257380408999
501.13889012600004
520.1944512600002
302.174275944
465.1946941040001
297.205241724
375.15560616400006
407.25538603209003
340.16477388
380.14272436409004
411.16550215200004
305.102507972
293.18517497600004
421.1411957319101
343.225977168
339.10243006599995
203.131014164
251.17461029199998
490.117172056
508.13513062800007
489.1331564680001
360.190988628
252.093248752
401.1083812
264.137496512
414.1413530680001
381.09969656018
255.05463763209
329.221560484
233.11808012999998
427.0560906120901
344.04400711600005
400.1896881540901
564.098090022
298.171499072
172.084792244
398.16452242809
342.16919056399996
318.144038436
512.1300452480001
185.152812228
218.15314657599998
372.195011388
356.11757223609
358.1873660480899
189.00706688191
593.20039032009
543.105617926
270.111675688
292.132411132
310.154209196
342.126280196
389.1356648240901
309.15109797599996
357.1106897080001
263.117095416
285.07832696
336.16010574409
310.19138880809
478.16141981600003
448.19329713599996
518.1886971840001
162.115698448
405.2052417240001
463.18069745
255.17354767199998
440.10725564999996
420.27578712809
464.264822264
482.02131718781993
233.152812228
291.012012068
251.15025226809
364.07503872809
368.16822526000004
270.18861193609
258.04715786591
209.035793452
312.150763628
276.12963426
283.136099544
428.1225088879101
222.10594493208998
368.09242010809
193.146664228
395.20697304000004
494.2390014400001
335.97141311190995
420.241292884
404.13264510809
220.059171752
279.078995656
414.191657324
355.05827380999995
515.1097244040001
257.137556088
536.1511746159999
272.16787649209
483.17289604
398.04126359599996
200.95330345991002
374.98283718
252.101111004
247.087829024
515.1909227959101
293.12576883609
559.240398408
307.07505314799994
347.23212516800004
357.1450414800001
477.20947215791006
263.109233164
506.15586607200004
367.1756729120001
480.1749412859999
439.11602944200007
265.157897608
278.01835983791
356.05163203790994
206.07767894
301.204179104
382.11896656000005
258.111675688
454.16141981600003
548.06064536
219.01763156591
355.09906240400005
311.09799978399997
325.13274548
114.06807956
425.1196145800001
510.15124905600004
319.19361442
333.11855196
370.189257312
425.152160596
642.2451494400001
366.103813436
465.1396813280001
452.16769322409004
578.1774638040001
169.999538396
580.0888394099101
305.16002284800004
356.173607248
357.1453574979999
375.033086788
574.172969214
331.20082504000004
226.113984196
402.21278669199995
484.25867426400004
271.987048136
310.20262218809
341.15395509999996
295.179695672
702.2060785640002
294.07293055209
383.0510666560001
407.12217453991013
366.21547205999997
502.134139094
224.20009676799998
204.12437186808998
275.06247358191
417.143704088
300.16264864
172.06153137991
217.10838745609
325.11748934
191.051718288
428.099293736
210.07529018
555.1610110280001
310.99194532
278.145284324
344.0535227780001
410.041263596
444.10956125590997
209.045309114
178.986398648
451.2080356600001
584.132167022
515.2141836600001
319.08916641600007
449.22877110400003
402.21278669199995
405.2052417240001
226.09669431999998
332.1154407399999
277.142641468
508.2335221360001
263.010841656
467.09489381790996
493.19424232009004
475.1538919120002
323.163376912
317.13889348000004
255.112010036
273.01043800991005
237.06629947591
289.17713571209003
379.12725991991005
482.19271994400003
253.059974464
310.13511356399994
382.0462923039099
272.16787649209
559.1552867920001
436.185903248
552.2121179960001
450.16327654009007
340.16477388
270.194342692
463.1949110160901
301.14264146799997
157.11027872
571.1342326859999
316.16477388000004
110.109550448
269.108564468
423.2059104200001
328.15904312409003
221.141578848
304.132411132
424.24744088400007
329.1600228480001
281.1276601
345.17435884009006
554.141078296
292.11142423609
253.13274547999998
344.07105050791006
394.10593867600005
611.2213942800001
319.12232326809
380.20999275599996
513.114060836
504.2102267320901
219.08765201209
193.11027872
258.159294576
340.13406454200003
255.04089243
234.115698448
418.01327792390987
304.21507813599993
459.04591985209004
376.13692513200004
125.971809826
391.01816006800004
170.97317990991
376.1526849720001
498.13765604809
362.02799648000007
137.095297352
339.174690544
412.128388372
490.23285344000004
535.0076339399999
333.0718021
279.158291532
451.23318778800007
303.180758292
426.10340203618006
458.10298479209007
318.03787271400006
466.22564282
275.090605896
494.1042244239999
333.06307082000006
588.15223377
306.0344135479999
506.21464341609
390.1240519400001
215.14224754399999
179.080709908
290.09326235000003
307.032024168
418.08864880000004
283.18959166
152.058577496
207.056528896
283.118158036
392.17910987209
339.12740864809007
254.056876842
229.13274547999998
371.13420202400005
418.12346878418
527.28774878009
446.181486564
420.190988628
314.153146576
340.10019085609
391.21560309391
351.021853408
535.1546860160901
345.19871686400006
406.191737576
307.06604802399994
387.0902290360001
129.078978592
266.08791192009
561.1161826100001
734.1959078040002
586.2197287960901
419.19787115609006
279.137162164
239.03072167
185.095297352
343.15406545791
516.9913287779999
339.16952491200004
484.11289437809
180.055145526
477.1741755720901
446.18148656400007
310.148141448
217.07200194809
356.20810149208995
406.08731343209
285.147726848
546.2514461681801
375.1597713960901
332.132491384
400.2375448960001
414.24007031609005
372.148319016
379.12019177200006
255.17354767199998
488.1821552600001
346.175338564
189.090211972
435.0766263059999
261.0935831
284.092593654
236.098334132
425.1464201179999
382.12198892008996
358.99531644800004
354.07463854800005
348.187149136
282.082684068
258.13493655209
283.10692465600005
397.16108546800007
278.149123816
400.10929274
398.06849054799994
270.113329098
305.099041108
371.0531884300001
276.15862588
260.15058661609
509.13084796000004
590.2138493120001
380.109567512
430.2349849360901
311.126991404
209.05442072
206.08037556
310.17149907199996
304.13193304591005
538.1937825640002
271.21687528409
174.14885530009
584.2252081000901
231.14839554399998
380.209992756
303.97436555391
394.10593867600005
428.14420422818
500.22843675600006
492.26713077200003
323.08792052800004
388.14701564000006
354.216809452
332.184840628
322.07106410591
423.25432341209
438.281718216
490.1937825640002
632.1749038440902
338.07000148591004
268.12454888
276.15673461609
74.053178444
206.05138394
383.19573966
378.19520199791
267.129299912
305.152812228
279.07514644190996
360.14470713200006
274.146998576
62.011627304
168.064725496
269.06228297200005
229.142641468
285.13460220409
580.164122248
470.1098584200001
349.20149373600003
400.20195349209
350.20877018809
239.98897429391
375.0330867880001
288.112344384
447.17289604
468.17706988000003
309.26677936
577.27824671609
446.2411329360901
426.24917220000003
411.18075829200006
379.139287404
301.097502844
317.102507972
363.16166266000005
211.08579528799999
391.18690629200006
238.08711435
255.04089243
266.145284324
315.06776227600005
231.01934928391
670.3353018360001
418.1633110799101
431.145435404
305.08341234
481.32391737600005
539.0777455360002
252.126263132
628.21503734009
436.14299288000007
313.17713571209003
560.1321670220001
258.093917448
171.100776656
304.096025624
382.12692847400007
302.07910336982
249.076609242
501.19634751399997
333.13584183599994
491.1222202520901
335.06631307391
303.12527715199997
192.126263132
310.05989793599997
265.142641468
429.10817788591
247.157228912
399.17942089999997
278.112738308
167.08587554
308.221226136
400.0987451199999
410.23392231609
429.16696495209004
682.2261453120002
343.11029578399996
305.148789468
338.05474534591
412.04335201799995
299.19976242
288.13347375200004
291.133139404
503.2141836600002
309.180089596
256.121177752
483.17673553200007
343.23721054800006
431.02201361209006
543.2454837880001
322.07106410591
296.138559132
245.930840556
365.19995302991
417.20737322009006
375.01922268800007
392.19607400800004
71.03711378
446.07159260800006
433.161085468
326.09364267599994
525.99781788791
244.06129352600001
240.072119384
292.14151301591005
234.04629856
289.99161097200005
463.1716501520001
378.21680945200006
379.26047141209006
151.074561908
481.32391737600005
594.208763932
448.11973201591
263.12912290009
286.11185269991
279.04450141191
232.01288053391
233.17607309208998
161.0874351
418.11782368800004
248.102173624
357.93630158800005
244.059640116
312.10832162400004
186.07718144391
321.0974225920001
370.11625816418
499.1043817600902
372.100459372
199.076391748
210.100442308
490.20770131200004
327.01275152409
556.1799892240901
297.06292834791003
151.08658939209
333.18748348400004
218.08037556
183.125928784
411.1655021520001
438.144038436
276.15862588
303.0767674
220.18082412408998
296.132491384
412.1205261199999
334.10256754799997
270.113329098
397.17500421600005
556.1944512600002
356.07489290199993
290.13215968008996
200.08183836009
449.15892568818003
464.2648222640001
352.07211312791
189.03393672791
629.1632107080001
403.03952694591
456.14422904591004
194.026231812
367.19172315609006
484.1719845000001
269.152812228
319.146681292
421.12996235190997
160.09681972809
390.07250705191
341.13353332800006
219.01763156591002
297.143704088
122.931975784
462.212786692
347.16485677609
385.17041633209
309.01678932399994
308.15584900799996
137.01215226191
309.230393852
185.095297352
377.104541708
307.0927656758201
347.19976242
269.11808013
508.16985590599995
240.126263132
289.04173813791004
309.066202716
437.188546104
88.027277368
50.987576743999995
319.03202416799996
182.08439832
183.00811590391
389.12591130818004
246.173213324
98.048012812
292.103236244
459.18412942000015
399.09778963191
404.22270600009
302.92148281199997
442.13706179209004
385.1790269760001
135.079647288
433.1684793560001
407.20697304000004
418.2004906920001
444.1480782600001
327.02324544799995
246.049669688
487.15554532199997
224.188863388
197.060741684
373.15913723991
421.01370612190993
253.085126592
470.23900144000004
327.117883264
451.11366691200004
257.08341234
489.2488378520001
380.20810149208995
244.15756326
164.99583350191
292.189926008
381.20737322009
347.149458164
185.11642672
396.12034910809
341.15395509999996
351.084488558
193.981984052
176.096792844
198.06801813609
250.146998576
274.106590308
35.017127284
498.0813808039999
254.199428072
276.04160710400004
225.12092421209
270.113329098
271.225977168
227.152143532
257.144949976
439.124325446
231.11091287617998
329.148789468
357.12978534000007
401.04163512190996
274.11861779209
307.110295784
302.99202557200005
514.2692389480001
375.03607556591
292.189926008
234.09855104409
284.20426200009
350.18550932400007
434.0676964439101
516.1631511320002
397.20149373600003
223.033685276
273.118735228
306.148061196
316.01326288399997
390.20368480809003
319.20082504
284.01603975600005
311.101839276
317.257945992
435.227039788
296.06188720009
535.2403984080001
401.08152107609
537.150446344
253.113649848
384.15862588000005
651.20909828
506.27538694800006
372.173230388
338.11855695008995
290.07251330799994
673.346200868
266.199428072
477.2232173600001
272.188863388
256.096025624
254.08123486591
466.22564282
255.075624528
298.22564282
311.145618672
389.1567941920901
313.165108228
356.15010852999995
336.11015146400007
341.20843584009003
303.20591042000007
428.1960740080001
315.15640026809
462.147409564
399.14437278400004
338.04608898981996
336.12309967791003
394.22564281999996
155.051718288
319.06078563209
300.11234438400004
444.22816824008993
257.0874351
579.1978649000001
284.08691748399997
408.11821761199997
179.069476528
489.1410187200001
269.210327104
373.998821592
316.11880840199996
487.18367763609007
420.2134553880001
390.15716307991005
87.02000091591
371.220891788
513.1946941040001
393.9591341759099
470.11208667600005
507.1636108880902
376.1495177400001
235.110947416
560.15731915
372.2254828720901
299.149458164
287.17877552409
390.21680945200006
333.127740352
389.2327938640001
366.18042394400004
456.1480782600001
430.0693250361801
501.223685724
404.12032280590995
334.05444873791
286.20451345199996
306.11504681599996
319.237210548
261.05506609591004
215.12344963217998
320.0790552319999
219.08079016
302.17427594399993
383.0415412719099
307.09300590800007
343.09717114009004
278.072513308
369.12257472000005
349.03009097981993
234.13493655208998
326.104876056
270.122909068
443.2069730400001
256.051573968
213.057197592
271.994910388
513.27209871609
356.10462113809
384.14086764
227.097999784
494.027344848
363.96050145391
406.10256754799997
409.15150549799995
177.020812084
283.214743788
282.115698448
205.11027872
286.06196222200003
314.050732308
331.15870877609007
413.16339397600007
518.1290537140001
352.14780974409
132.10190510809
227.126991404
143.025024872
334.13501680409
527.28774878009
158.04588131591
377.103650844
368.12856538391
156.13829061609
377.1447667080001
457.25114636000006
561.1621480880001
424.26990764400006
479.17859225609004
507.1549545320002
153.1153641
342.12243098190993
325.10711526590995
208.132411132
403.0780755080901
468.1406843720001
270.06742792800003
324.133473752
399.20188766000007
408.14733107609
293.16404560800004
303.242295928
394.161660572
482.307932964
575.1318326740002
276.144707132
374.106529466
382.129057068
271.18959166
220.121177752
101.02441759991001
423.17862679591
365.13182533209
272.08056616991
187.08579528799999
380.20999275599996
501.22368572400006
76.00797784
386.20663869200007
423.20188766000007
521.1923855960001
284.052110124
497.08322907200005
618.1836118040002
445.1458293280001
391.1855689000001
233.141578848
483.11472953199996
464.159036868
651.3254654240001
487.18367763609007
355.097344686
231.038770656
187.08579528799999
163.08579528799999
354.1651678040001
293.16002284800004
332.15333718590995
232.11928648808998
498.11439518400005
399.12448304791013
245.177964356
434.152494944
587.168218182
311.19787115609
550.159291222
298.0712405359101
335.149458164
396.082701132
240.1473925
666.0753145859101
249.147726848
334.171499072
598.26601029209
237.05468576990998
350.18550932399995
322.121846448
207.04450141191
203.105862036
223.033685276
330.151432324
561.1525681180001
413.11051269609004
306.13201095191005
422.15822569991
319.20082504000004
380.18294936409006
249.022465494
272.173607248
113.99847577599999
255.17354767199998
386.18888045200003
203.08587554
353.16483971209004
451.1253686560001
358.1674763119999
163.08579528799999
346.193965832
253.13164832017998
300.13873614390997
101.99847577599999
331.20082504000004
431.17058753200007
316.16477388
377.12449664590997
515.0988280160899
261.14583558409
341.17394159599996
222.05368272591
227.11709541599998
419.2182064200002
198.136827816
235.097344686
329.148789468
387.13461926809003
415.1272599199101
365.08890524200007
457.24777523200004
242.043990052
158.898961404
446.22989955609
368.13235029000003
295.08177252800004
425.24482134809006
175.01828666391
248.15247788
254.06261732
515.1909227959101
264.98507397599997
435.21714380000014
384.14470713200006
444.20222200800004
99.10479941599999
633.2793093360901
248.15247788
390.1785326800901
349.17902697600005
336.1124868560899
309.866260076
515.0937937560001
404.15010853
308.1596885
262.179361324
148.100048384
487.0967496640001
682.2261453120002
259.033685276
505.20249551399996
371.13420202400005
419.19787115609006
278.02737468400005
562.22962478409
600.1850746040901
281.18517497600004
151.074561908
220.121177752
540.125428232
432.0389217360001
692.1716651280001
324.163791512
468.11553224400006
514.13469244209
474.201553312
456.086540624
397.1287227200001
296.113407004
268.04391561200003
416.28087250809
414.24007031609005
431.0948363299099
339.15915083791
226.09669431999998
520.15838177
345.19613984009004
352.1801724920899
488.1357760039101
346.15837442809
232.088163372
438.070235462
200.99755121991
242.116761068
387.1946770400001
333.17373828191
473.1487894680001
467.17395866000004
383.1390840899101
155.094628656
338.159019804
518.2258767960901
321.05919976991004
565.181746472
420.08654062400007
452.20810149209
190.05646932
172.90086626591003
248.120115132
395.013074688
340.21507813599993
150.07931294
277.11748934
489.1331564680001
282.16008868009
268.215078136
238.069736436
262.98071194
390.20705593609
257.17607309209
357.062179956
330.14592969990997
198.06801813609
405.16806211190993
336.1182176120001
219.137162164
349.03606196791
357.205241724
345.14618435200003
290.14002193209
273.184112356
374.1291373200001
297.0859513580899
429.10817788591
491.17395866000015
200.069810876
374.990231068
311.17461029200007
407.1221745399101
271.089166416
318.096419548
272.10633885609
554.1320416139101
305.15395509999996
529.26701333609
313.12265497199996
29.026549095999997
290.101504928
248.106196384
255.98388891391002
553.20949846009
378.11888630800007
348.19098862799996
259.106924656
309.00469753191004
240.126263132
340.10929274
282.103813436
341.23279386400003
220.086445654
448.197136628
300.062356146
88.10004838399999
393.1219230879999
278.06261732
227.07112993799998
417.13380810000007
295.054434318
440.07716396809
409.1148039720002
539.14094428
258.076433052
276.133473752
323.15300283791004
265.096359972
425.052162628
387.22068847391
193.1215121
289.146664228
382.157580324
450.09789941209004
213.08234972
340.063011244
477.2488378520001
247.168462292
475.031057396
272.13855913199995
341.0599136219999
331.143310164
486.07463854799994
312.94546840390996
513.28522336
546.1376560480901
304.193948768
274.16960780809
291.088891644
287.167399672
370.1873660480899
174.0640568
413.12363734
387.1542687720001
249.10144535199998
368.98956237199997
407.12217453991
382.1151383200001
282.198365452
522.0777621
298.09872805599997
253.11962083608998
261.1153641
193.050394494
379.1215291640001
328.14041585609
252.12437186808998
374.08710809391005
444.1869658680001
321.0974225920001
469.1246999600001
345.09809709999996
248.05376353399998
283.14008150809
448.19713662799995
437.20630434400005
232.16879663999998
344.13855913199995
287.19976242
259.118158036
376.128388372
171.046632908
226.106590308
228.13749651199998
407.105210404
323.03243938800006
385.17421011191004
604.1704092540899
563.2278645540899
237.076609242
380.25572038009005
436.1946920160001
489.152568118
430.1865719440001
270.05179146200004
384.0617384719101
460.2196033880001
299.16148564809004
112.04040201191
384.21827225209
296.132491384
338.14912381600004
251.11709541599998
330.05747051609
399.20188766000007
453.1451839520901
303.10225652009
303.180758292
333.180089596
246.119069576
308.16371126
350.23392231609
341.16002284800004
544.11414373209
318.09979067599994
151.95852488
514.2692389480001
91.993200368
219.08088691991
302.13789043599996
533.1303795960001
232.059640116
224.025563116
256.08290098009
490.20770131200004
468.2922829
283.09655058191004
272.144615628
418.11906331990997
295.13207678400005
307.20082504000004
372.15460312
354.1456918460001
317.15092096409
439.1466812920001
605.1462465720901
300.0875082740001
207.064391148
226.98145139609
369.1338081000001
299.174610292
274.0026982
465.06375658000013
270.12405194
369.180089596
222.119069576
298.100065448
166.99457604
152.083729624
479.2029502800001
357.10865597200007
365.17394159599996
193.13274547999998
297.205241724
421.16108546800007
327.11788326400006
371.043672768
435.06711064399997
500.253588884
302.0547453459101
415.12569439609
352.16477388000004
504.11671729
122.02475194791
464.192051248
492.25973688399995
653.2108295960002
308.1596885
433.1519835840901
402.205576072
191.14224754399999
278.14191319599996
258.159294576
296.192234516
310.997947168
234.05753194
248.188863388
266.199428072
368.10633885608996
449.15600008800004
596.132167022
243.137162164
335.06631307390995
332.268845024
389.14305871209007
155.069476528
518.1290537140001
407.105210404
420.24129288399996
296.246378264
282.113329098
321.12659748000004
326.149123816
596.1441945060899
189.1153641
226.11861779209
451.18367763608995
309.184112356
363.17100477609006
372.11248685608996
345.020160452
488.17171598409004
296.246378264
334.14634694399996
313.14350077391
206.15314657599998
540.124959868
368.1709218800001
305.12608485409
485.07749831609004
250.117823688
467.1957396600001
377.10454170800006
372.06565201200004
505.1570627080002
404.23245951599995
275.16148564809004
395.07219602400005
188.035078778
481.16510822800007
509.1151234559999
232.15756326
344.10554475199996
682.2261453120001
215.11709541599998
194.12878855209
297.977546072
225.00878459991
411.11324966790994
350.02799648
431.15856004791004
141.009578704
354.12878229600005
381.1913229760001
163.059305768
340.17680136409
437.1058791000001
288.07548078991
475.2080356600001
162.054160812
605.1519773279999
283.064330306
434.0772121059101
377.14305871209007
312.16985926
380.1709218800001
257.938383692
281.11728602591
190.0760574
296.171162636
388.189926008
511.14602965999995
477.15304620409006
465.2488378520001
238.08546094
390.13011968800004
280.15354049999996
355.98825690800004
540.124959868
228.08012410809
317.97287591199995
335.18584367200003
336.21614075599996
327.19467704000004
305.210327104
383.14159591200007
300.012346416
383.020554376
291.162314292
371.13420202400005
444.10956125591
393.0666821801801
493.15099496000005
88.98803209191
206.05138394
295.179695672
294.08652356000005
277.142641468
298.19475993609
680.2468807560001
215.11709541599998
332.079055232
301.99761282
390.08250080000005
695.0486904680001
374.18503123791
540.125428232
229.042216224
264.068096624
337.16510822800007
114.05605207591
365.1321741
433.1742101119101
302.08891232
361.18050684009
364.958262244
422.20028737791006
499.14649802400004
278.145284324
380.14272436409004
225.12446598391
262.142975816
422.127342816
408.241292884
369.07564159200007
192.06889072809
437.12700846800004
360.19098862800007
553.3033988440901
274.15420919599995
482.1008532959999
423.16379415609003
172.121177752
155.025228768
293.15395509999996
336.18463731391006
378.23793882
223.076215318
562.13413619191
299.143390416
441.18094890191
451.09143066209003
424.1793783880001
435.07497289600013
383.20697304000004
473.0654708320001
248.083729624
395.13420202399993
437.188546104
340.12265761609007
161.0874351
271.15533764809
415.15131488809004
188.036796496
645.1945108360001
425.24482134809006
379.139287404
306.10594493209004
355.08291540000005
283.09906240400005
433.16847935600003
280.178692628
231.18557515608998
390.23158750591
309.230393852
525.150446344
230.126657056
662.2138493120001
377.13889348000004
328.15904312409
447.08975094991
342.04564692800005
316.11928648809004
176.069810876
479.11019276800005
267.133139404
327.00935553581996
271.020790788
418.0822974859101
601.2054757000901
285.19951096809
109.001991224
418.08229748591003
358.10390494000006
464.19205124800004
314.149123816
329.07351635200007
447.091939934
546.014342568
444.1174235079101
251.003447768
384.13684488000007
295.105622916
406.19859942809006
61.052763844
380.1709218800001
344.97966638400004
428.19607400800004
439.14265853200004
229.0595061
582.32994794009
269.141578848
546.986681002
324.06023437199997
331.17183342
412.13962175200004
465.1297853400001
436.18401198409
576.091945488
414.10340203618006
361.14985208800005
251.064985404
353.18517497600004
309.22049786400004
341.12094072
234.12290906799998
234.08652356
264.126263132
165.03056559991
368.14931442591
359.01331219791
228.11840088
371.0898899559999
308.07946901009007
237.971813292
400.19713662800007
149.095297352
271.120843404
328.128388372
583.136918054
457.24777523200004
437.14689820409006
190.110613068
417.14101872000015
231.02886494591002
284.01603975600005
252.12437186808998
361.09973110000004
120.04776136008999
333.09756506409
625.30339884409
302.14778642399995
274.05244656
187.09782277208998
221.18810057617998
456.17889972
280.070405132
212.02721652600002
359.12847126809
276.112660402
535.1546860160901
243.066044558
449.19427685991
457.18514043618
220.15756326
344.10420736000003
202.021913652
335.07399052799997
347.0931829199101
601.27690932409
331.07774976800005
265.142641468
237.11134134
437.12700846800004
289.063345592
384.035082244
424.23620750399994
205.146664228
368.1709218800001
505.1723188480002
274.03083910591
476.00152402400005
330.148061196
425.21753772400007
289.22664586400003
423.1192206560001
433.1399561000001
542.1402870940001
475.20803566000006
178.99457604
206.09642580409
263.126991404
432.13911884818
382.0154094199999
167.094628656
233.13968758408998
337.11834864591
195.038770656
364.063011244
290.13002818399997
327.048397576
442.1149438
379.1272599199101
457.1433272280001
349.9200249399099
531.145374562
548.094128104
274.05983072591
233.177964356
163.02780232591
287.19976242
265.09015113
206.08202896999998
299.17461029200007
435.2179379040901
243.95000753
282.12290906799996
337.163770836
356.113407004
504.23537886009
375.1331394040001
490.13658370599995
348.13684488
223.060959178
262.179361324
569.29831346409
526.145695312
299.017097448
151.04940978
229.085126592
525.0370631640001
382.160082424
330.089894688
338.06934985390996
293.12576883609
411.133139404
271.16060004
613.168296088
368.113407004
280.036141398
453.13584183600005
398.1100529400001
221.08554383608998
602.1791172139999
493.129724498
405.16806211191005
253.113649848
356.09259365400004
506.21464341609
376.09537399199996
166.98884326
319.09906240399994
325.11834864591003
540.125428232
225.01868058791
624.33782725609
199.077933036
352.1543998059101
262.08546094
255.20670452409
363.15640026809007
477.08553758
342.04544303200004
386.18148656400007
332.07457688400007
293.06228297200005
218.16517406008998
259.16657102809
351.06776227600005
406.2349849360901
313.1215121
293.18919773600004
215.05910245391001
382.18387532400004
538.1937825640002
425.23358796809
293.092928002
282.16008868009
271.060959178
421.13782460391013
219.09040258191
222.173213324
372.19098862800007
484.99198387599995
270.0367752
288.150763628
439.21285252409
560.2257513880002
307.04624632591003
226.19138880808998
467.11815468200007
561.1621480880001
390.9795913180001
393.218128514
552.2121179960001
219.104799416
673.27680098
310.99870768991
312.11437811999997
446.071592608
223.099062404
392.28087250809006
246.136827816
510.15124905600004
315.098407306
463.1716501520001
538.1229028119101
324.12224037199996
306.132805056
212.090940244
233.946245944
355.09333164809
227.084081036
193.1215121
288.10276441400003
157.11027872
261.12257472
499.04425932600003
526.1937825640002
382.126928474
271.099062404
361.12872272000004
518.129053714
358.99942500800006
246.01901493591
334.13501680409
256.12265761609
299.12785070991004
351.1347928139999
515.25136327209
394.16623668009004
466.20770131200004
371.1151063919999
372.20222200800004
503.15454019
332.140592868
442.16331107991005
206.15314657599998
510.178054594
244.121177752
320.221226136
560.1573191500001
180.16264864
334.12298932000004
370.11625816418007
270.165351072
277.11175858409
251.030961548
343.09503964400005
326.05636630400005
281.17205033209
255.05866039209
396.0195570360001
397.1378275060001
167.14224754399999
282.115698448
187.084457896
201.00706688191
370.16410518400005
383.14159591200007
481.01817713200006
569.15827405618
213.090211972
379.17297629199993
420.14887236409
397.157245976
152.120115132
341.210327104
308.109567512
368.09242010809
334.138953056
702.2060785640001
345.1316766039101
199.099714036
217.15789760799998
222.99563866
131.11788952009
377.1851749760001
530.2250826920002
574.1825491840002
390.0825008
621.036997992
469.15212605618
206.09642580409
294.08652356000005
295.10692465600005
416.12061762400003
355.0507918839999
364.16477388000004
373.17988628191
535.1546860160901
453.22850258809
408.1480782600001
490.150186436
312.062356146
223.110947416
409.16297673191
174.021146432
404.105544752
357.177644984
403.0293934480001
224.106196384
370.18925731199994
299.149458164
511.109644152
456.22335137600004
250.12184644799999
424.20969614800003
242.141913196
187.120843404
328.12265761609007
219.05236366391
461.1018563400001
430.06932503618003
271.2048478
460.222288756
234.104465068
510.0948770520001
272.098334132
336.12224037199996
484.070221864
379.110295784
269.152812228
199.00265019791001
467.0948938179101
283.168462292
428.0112228919101
258.07529018
673.200658836
277.0997311
748.200324488
223.110947416
468.23860751600006
483.1523775080901
313.10759335200004
366.12707430009004
299.17461029200007
380.11127550791
382.10006544800007
326.06275979208993
451.1790440400001
262.05244656
332.19223451600004
385.1287227200001
275.134385292
557.189700228
285.10945007609
330.1089903200001
384.1355074879999
329.17394159599996
302.160357196
277.99235042809005
334.2368762
484.11289437809
284.15650064
591.1549545320001
229.1215121
164.978925976
240.11234438399998
266.12092630009
304.20195349208996
385.191913766
484.1719845
297.086189212
366.205576072
254.15314657599998
488.11062387591
397.9925658000001
237.05468576991
220.044383976
421.02086249999996
334.138953056
303.17354767200004
371.12847126809
305.185174976
542.140287094
207.05866039209
188.106196384
378.15257519600004
392.13453637200007
265.13274548
367.14668129200004
404.1402125420001
244.121177752
132.053492116
279.148395544
229.02885134791
360.20703887209
265.13274548
317.196408356
244.15756326
262.121846448
306.148061196
448.17600726000006
184.07906148809
360.22737413600004
269.1276601
452.22843675600006
587.2612592600899
325.21352122009006
579.1951795320001
169.11027872
221.054889084
162.03506518
241.07726434
428.14656385609004
322.20049069199996
401.1589256881801
323.15300283791
343.164439532
369.187483484
350.0875861800001
408.252526264
258.09855104409
306.13414244800003
397.21541248400007
369.1573849820899
604.1542837479999
159.11280414009
366.22883693609003
417.2052417240001
280.178692628
310.12184644800004
402.24007031609005
343.1565772799999
412.10929274
369.20524172399996
235.98052125191
158.043990052
187.120843404
375.25030065209006
276.071936116
555.129802404
246.97788042
399.1477439120001
230.08037556
305.97054051990995
597.219662964
489.2236857240001
306.13806744791
244.088163372
137.00091888191
269.08341234
272.067441526
254.935346912
425.17205033209007
282.002043102
509.15600008800004
203.097999784
523.0997384419101
227.00580942
290.101504928
193.1215121
330.1089903200001
561.0810464559999
224.094963004
464.27221615200006
222.009913052
569.217537724
363.08800078
275.163376912
336.11955500400006
464.192051248
346.0623425479999
558.1416690859999
505.1479608240901
367.1102957840001
233.052759612
266.10284232
398.10071082391005
340.17680136409
324.083725392
547.06288456991
536.1664307560001
349.05411438991
329.990548352
473.12529075
247.132076784
258.06491610591
355.09333164809
405.1913229760001
378.055273848
429.07351009591
348.13158248809003
243.19467704
356.10804685200003
366.2154720599999
161.051049592
448.06809036790986
318.0367752
220.14443861608999
278.09326235
374.13520506800006
278.153146576
418.200490692
510.15078069199996
400.10276788000004
339.19278577609003
478.207232948
551.1773297880001
572.0698352819102
288.07548078991005
552.1618137400001
242.09577417209
391.1855689000001
511.1949110160902
293.148789468
525.071618832
109.08914935199999
143.999348368
385.120860468
342.148061196
357.15493746800007
360.12338324399997
229.1215121
246.055303684
187.09782277208998
303.088891644
369.13584183599994
596.1441945060899
270.07529017999997
264.04483575991003
539.1898256360901
436.16477388
718.2009931839999
294.16919056399996
154.940432292
429.11557177390995
452.18821175599993
377.1487894680001
230.02410031591
310.20262218809
313.12488322800004
748.200324488
189.10144535199998
539.0681655660001
360.2062447680001
543.154954532
327.12527715199997
464.17275172000006
348.144707132
619.240398408
204.101111004
407.20697304000004
308.18886338799996
338.10638699391
360.08733472808996
165.00706688191
242.126657056
558.1416690859999
326.97373529609
279.129299912
231.17354767199998
314.13405094399997
412.13962175200004
427.27696718400006
285.06103708399996
375.19804816800007
270.119069576
272.15650064
189.95806808991
314.185509324
503.17779815200015
334.08229748591003
449.15600008800004
546.2514461681801
291.137162164
514.12517678009
516.0526572160001
189.12659748
344.17171598409
359.232125168
391.19107152409
251.138224784
209.080041212
240.126263132
447.1225917840002
269.235479232
342.169190564
333.10731857999997
322.12184644800004
704.2468807560001
366.12053971800015
370.189257312
434.16035719600006
448.193297136
74.048012812
510.1355245519999
365.07388898000005
207.100776656
539.14094428
227.02286914009
580.1926455040001
532.2083700080002
221.123820608
255.05866039209
358.1674763119999
229.15789760799998
472.08912297600006
172.06153137991
288.183778008
278.09326235000003
573.1741755720901
268.16879664
503.13017926400005
257.971398072
601.183868246
548.2396701360002
241.113649848
557.29831346409
402.18121804809
251.11709541599998
332.13235029000003
295.02543297591
567.1515834040001
417.2052417240001
228.101111004
254.199428072
236.13935323609
666.2312306920002
239.06711690008999
199.18048977608998
384.14086764
464.10341325590997
570.12695623391
309.07643569609
421.1345959480001
382.0462923039099
577.181746472
476.19205124800004
288.206244768
284.16371126
424.1407646240001
227.97670036409
244.15567199608998
278.09326235000003
280.15756325999996
428.1920512480001
377.13217410000004
305.210327104
411.21793790409
432.10779183609003
255.19467704
365.13217410000004
325.15387484800004
215.11709541599998
198.104465068
597.1145292
300.08671416991007
402.14001567599996
219.100776656
393.218128514
436.193297136
321.216475104
549.2105610800901
227.061614276
475.19893377609014
333.1680621119101
209.043655704
310.262028328
194.02873593609
450.190319932
293.13676198391005
298.22564282
337.021459484
352.103236244
271.21687528409
284.113407004
363.180758292
378.11181816009
445.157245976
577.1110972299999
397.11748934
400.14780974409007
384.16852186799997
353.160022848
601.0933389899999
279.067762276
283.14008150809
205.059974464
389.23633853791
304.132411132
326.149123816
282.08652356
322.01806322990996
270.157957184
323.076687148
258.005825984
220.08565154991
545.24416971609
353.13353332800006
295.15320615200005
411.146026194
205.07475251790999
398.10071082391005
577.181746472
475.1538919120002
211.157228912
297.13380810000007
352.15085513200006
454.19780532400006
434.14164426827
539.1890315320002
279.09888539209004
254.057053272
365.19720246009
114.05605207591
392.13453637200007
333.95930772182
151.074561908
195.104799416
600.098090022
260.106196384
476.2153121120901
178.08546094
377.24268985200007
195.12403752008998
285.062690494
176.094963004
303.0885113179999
396.15862588
355.19172315609006
281.12931351
336.163791512
380.03614486400005
311.126991404
287.167399672
425.052162628
351.125277152
407.096457288
325.1519835840901
285.98304667199994
240.1473925
421.1411957319101
321.184112356
244.105921612
253.183049736
321.09742259200004
348.144707132
231.17354767199998
184.09437511609
256.14443861609
305.099041108
312.08733472809
430.1865719440001
568.19445126
279.112010036
318.16345980808995
411.25030065209006
445.172559604
144.13829061609
445.157245976
203.12912290008998
224.054554736
309.230393852
513.292617248
450.18952582791
277.0997311
534.19832465609
511.14602965999995
266.10363642409
354.13414244800003
322.142975816
758.2071411840002
539.2010590160901
422.05457179999996
523.1563940120001
235.157228912
405.13797333209004
369.16233135600004
410.2178720720001
423.2521919160001
269.152812228
231.17354767199998
114.06807956
336.14887236409004
674.3666019640001
396.206244768
200.98607998600002
309.151097976
489.13315646800004
357.0241832120001
398.19753680809004
313.17713571209003
343.09717114009
596.132167022
432.01726258009006
270.113329098
304.128388372
389.25794599200003
539.1794515620002
323.18584367200003
407.14543540400007
279.11091287618
263.12912290009
466.1592912219999
264.101111004
324.12224037199996
343.10290479809004
293.087251832
281.144949976
329.13841539391
448.197136628
238.02345494
405.11282120409
215.105862036
216.101111004
215.078013288
245.12766009999999
337.163770836
301.061804304
438.144038436
271.095691276
648.3509518999999
253.13274547999998
359.159354152
497.1560000880001
450.107652928
616.1799892240901
365.04220996791
141.10223945609
468.12865688791015
294.09775694
335.14159591200007
410.10298479208996
576.15223377
492.21022673209006
176.01353563191
565.10536647409
421.11048639391
282.12290906799996
566.17699544
434.152494944
305.16404560800004
420.08654062400007
439.23074317600003
506.27538694799995
458.156334436
337.11834864591
366.02450783790994
252.05851665400002
227.07033583390998
186.974509292
505.19126213399994
255.17354767199998
240.06889072809
368.14443236000005
285.168856216
222.084478572
331.20082504000004
487.2080356600001
300.122240372
336.133005388
410.0896199159999
291.9595875
330.1804239439999
206.08439832
213.057197592
452.20328462800006
454.15263395009003
506.22587679609006
303.05171203191
458.98694776409
513.2105610800902
409.13209384800007
376.16477388
363.974246656
209.035793452
138.009913052
483.30318193200003
408.064073864
579.3190489080899
326.143056068
359.16148564809004
115.933492572
583.2299591320899
327.112010036
264.15862588
552.2121179960001
189.11347283609
425.157326228
244.15756326
358.179361324
352.215078136
712.331947772
360.974581004
222.11684132
402.144964952
357.93630158800005
470.2291054520001
215.11709541599998
275.21178990409
555.129802404
330.19245142808995
320.15395774408995
598.26601029209
208.022786244
440.1206176240001
198.055990652
300.062356146
285.168856216
406.15837442809
199.074561908
395.13420202400005
502.1557465480901
253.204179104
408.118217612
446.181486564
334.1905947040001
513.2105610800901
292.1535405
299.14945816400007
234.119069576
256.99861383991004
354.144038436
369.1338081
304.122831162
245.11642672
471.14437278400004
454.19780532400006
187.136099544
290.09326235
537.150446344
545.2264017540001
223.060959178
339.11617526809
192.046967256
492.03282415200005
401.17480090191
258.122909068
484.1235715079101
331.104555306
335.0507296639099
435.19278577609003
227.072847656
275.19976242
341.1137413520001
355.225977168
510.094877052
417.092931468
326.1338676760001
268.132411132
231.137162164
266.108898816
226.98018690391
503.1890315320002
450.19031993199997
165.1153641
318.180423944
305.16404560800004
258.132805056
493.25498585200006
292.132411132
262.98970256591
527.1890315320002
539.1898256360901
313.1790269760001
499.1472921280901
400.10276788
140.025563116
381.0980971
318.09727885391
352.11446962400004
264.137496512
343.0462463259101
333.12257472000005
324.08857588399997
258.159294576
380.221226136
168.11313848809
462.12225743600004
331.153206152
252.102764414
263.00580942
276.03085270391
157.11027872
497.02444200582005
196.103419512
425.24671261200007
403.157914672
501.11618260999995
421.18623759600007
373.20180975399995
468.1406843720001
552.071396606
391.10290479809004
490.2309621760901
257.11642672
259.168462292
364.13692513200004
359.08745216400007
332.15333718591006
317.1058791
342.1089903200001
309.09358310000005
392.13979876390994
240.074621484
451.19680228
248.13855913199998
386.14865545199996
312.22816824009
433.11102196799993
314.14912381600004
319.0834259379999
561.1621480880001
260.102173624
287.149458164
397.12659412600004
439.221954408
453.1200318240901
448.20671950009006
306.17321332399996
282.2307282
451.11366691200004
230.109550448
250.09701033800002
234.136827816
290.18630342809
574.1456953120002
423.1807582920001
342.19245142809
235.066699656
331.15870877609007
279.075156164
364.12649710809006
161.095297352
607.13077352
311.14224754400004
555.1743661820001
320.073182004
374.0988195600001
343.14331016400007
499.24442116800003
361.12872272000004
186.038904672
173.00263659991
215.11709541599998
428.19607400800004
340.15870613199996
350.0875861800001
258.173213324
351.17942089999997
296.14272436409
373.259008612
414.205576072
248.117745782
424.236207504
230.108898816
468.13855577799995
466.10930980399985
298.22564282
423.16166266
366.205576072
244.07332101009
301.95996281981996
393.12594584799996
485.05186810199996
272.083077992
321.11471246799994
251.08652855008998
147.104799416
321.205241724
264.133473752
365.169918836
235.05123962
378.07292083000004
285.12659748000004
482.18148656400007
187.02780232591002
639.2890799160001
257.0874351
74.02475194791
388.1495177400001
279.078995656
299.10349268600004
374.19877643999996
338.116761068
420.14470713200006
429.0677793400001
199.099714036
273.149380258
211.08996052009
261.12257472
213.136493468
407.1130726560001
289.07073948000004
291.15042928
179.05910245391
313.15387484800004
343.1029047980899
486.2724330640901
470.22910545200006
295.13018552009004
251.18852904
362.206638692
188.021577216
165.12659748
329.102507972
343.179695672
356.19607400800004
491.168218182
311.14348717591
356.13666786809
218.99987332591002
350.16304256399997
335.12430603600006
424.266068152
458.24302420000004
649.1795294679999
336.2273741359999
268.215078136
443.235496296
462.21278669200007
396.12561150000005
256.121177752
421.1399561000001
619.077098136
439.24442116800003
268.14780974409
602.1678838339999
298.10824371800004
473.21753772400007
312.163791512
453.22770848400006
372.10125347609
419.1514919
453.03139383200005
350.20877018809
457.11346658
380.0862452240001
492.1249598679999
308.982297104
476.12093364199995
170.03763873791
136.019415116
265.097502844
263.142247544
411.20188766000007
322.13260174191004
438.12225743600004
386.20663869200007
457.1723188480001
372.150763628
314.05636630400005
391.0643869160001
325.15904048
328.16477388000004
172.02813667390998
296.16371126
396.17573248800005
422.0836200920901
307.13207678400005
198.082684068
397.200156344
243.158291532
407.105210404
352.15756325999996
359.21178990409004
414.25209780018
479.17395866000004
454.065150082
141.009578704
325.04960038991004
444.15162293390995
254.141913196
458.156334436
344.049859716
345.0980971
501.24883785200007
543.105617926
348.15076362799994
435.1927857760901
404.22270600009
307.04354970591
271.18959166
229.13274547999998
313.10962708799997
409.1246999600001
651.3254654240001
363.1443727840001
261.96631269200003
485.1923855960001
550.1825491840001
360.133473752
562.136583706
274.044584308
300.056863244
658.2360413000001
306.13493655209
224.106196384
415.114135276
184.07906148809
225.18411235599999
342.90711158191
242.15731180809
423.304976436
517.189608724
345.97491535200004
421.1399561000001
213.147726848
316.16477388000004
268.121177752
668.25757084809
258.96664704
307.132076784
534.1256285640002
72.99311747191001
292.067034004
466.12290571400007
260.07891275991
422.163728324
189.065059844
338.165522828
113.064077476
441.004700416
350.13215968009
407.0948363299099
435.16550215199993
417.205241724
539.1890315320002
174.082684068
442.0583197879999
586.109778168
279.137162164
314.16304256399997
359.1614856480901
666.1948451840002
245.971398072
381.10481648000007
460.11233812791
441.16617084800004
453.10708072609003
228.056863244
138.09054632
234.102095718
229.13274547999998
353.1310312280001
377.242689852
297.158960228
344.19473661599994
254.141913196
394.935432222
123.994262988
488.2153121120901
411.20188766000007
371.159354152
405.0968928040901
303.21982916800005
518.1886971840001
306.111675688
707.173775392
206.16517406008998
504.20559313600006
408.16199700799996
338.165522828
273.14583558409004
360.144707132
329.14420158408996
296.976556626
266.118414478
310.16623668009
209.05885042008998
421.14601259600005
510.1355245519999
458.10298479209007
315.15829153199996
454.2150952
279.148395544
454.12919954009004
254.05138394
399.21714380000014
565.1065308440001
151.045570288
300.16388827191
387.0902290360001
380.1709218800001
331.09717114009
283.214743788
256.07448538
372.068096624
367.057176296
381.20335046009006
373.18623759600007
342.07866130799994
195.14918964809
321.07282636
232.078267384
536.100947146
442.122848226
229.13274547999998
274.133395846
166.07422756
184.121177752
316.98288933591
242.141913196
446.206638692
366.205576072
408.16607725600005
573.1741755720901
223.01042441191
350.07721210591
311.09799978399997
405.21647510400004
494.07318934591
453.10708072609003
261.0935831
516.1943597560002
270.10594493209
380.97638308009
290.05859456
205.1215121
450.15204316009
343.23721054800006
231.17354767199998
355.959265288
598.1729692139999
313.167793596
382.07144645600005
258.111675688
299.12785070991
261.11299475000004
385.20149373600015
584.132167022
488.17892660409007
357.17098771209004
263.092259306
331.133730194
216.11840088
295.11815803600007
339.084161288
308.246378264
247.168462292
369.14535749799995
388.237544896
430.186571944
342.205576072
262.11971495191
139.099714036
555.1839461520002
252.093248752
503.15698480199995
550.1820808200001
406.2004906920001
537.089377072
410.152494944
219.08079016
442.240247328
241.146664228
385.16108546800007
206.07079559
251.055873798
318.17321332399996
324.0837253920001
345.198716864
279.07514644191
247.043200938
447.21312104000003
290.13599917209
279.20591042
306.07694359
309.018442734
260.056208146
366.0513776839099
598.0671838179999
400.14378698409007
421.1345959480001
98.07316494
575.2254170400001
372.14086764
403.21285252409
243.12403752008998
438.1586429440001
138.042927432
246.102095718
279.09888539209004
272.11695167791
227.163376912
360.18140865799995
397.18623759600007
260.07946901009
370.04629230391004
292.132411132
511.08288556400004
342.02291110000004
403.20082504000004
224.054554736
381.09866222391014
268.215078136
374.170253184
472.10086689400003
234.09068879209
416.1225088879101
393.125945848
312.12389378200004
158.07316494
305.12552860391
587.1898256360901
279.121906024
538.09940409391
252.122240372
259.060959178
418.1250343080001
257.1276601
240.06637890599998
503.20295028000015
335.18450628
544.1260190220002
451.18367763609
411.02661657600004
351.1443727840001
473.1382418480001
436.15164923609
263.12344963218
395.22302328409006
477.1410187200001
145.13353958409
302.13215968009
355.08301215990997
178.12184644799999
269.07791174
345.184112356
239.126991404
353.18517497600004
173.095297352
228.14166174409
602.1678838339999
441.10932075791
439.01574376800005
358.24810958
264.137496512
615.20909828
257.05442072
709.2370443440001
150.044757272
221.091274592
406.19475993609
279.158291532
291.14839554400004
476.14576975200004
235.03811497609
401.19238559600007
369.10817788591
438.201553312
576.199852658
442.21172407200004
434.12397168800004
386.07835497791
428.03841883217996
307.179695672
367.98441741600004
180.056863244
283.05295445391
284.15413129
424.16477388000004
551.1773297880001
186.0640568
308.1596885
321.10865597200007
219.137162164
315.19278577609003
422.15822569991
241.1215121
597.0599073659099
233.09866848
149.058911844
236.065788116
354.180423944
453.119694832
307.01839757791004
120.034192588
440.214758764
464.1789266040901
298.091334168
489.1946941040001
286.131742436
501.1985335960001
273.0935831
244.01288053391
215.11709541599998
414.15527181600004
213.03449297809001
341.09866848
231.083018416
319.11847405399993
180.93745508799998
326.149123816
328.07201636800005
254.09326234999997
432.1447071320001
456.1480782600001
379.1293914160001
303.11757014808995
264.04483575991003
394.16623668009004
418.10807017209
263.163376912
229.11938060391
332.18484062799996
302.07818264
510.1996620480901
525.27209871609
364.15502036409
306.13280505600005
388.10740147608993
464.17892660409007
396.0983278759099
424.17600726000006
420.27578712809
435.12338588809
298.12298932000004
398.25425758
336.17975524799994
344.18484062799996
387.14437278400004
231.17354767199998
704.2468807560001
188.01353563191
688.320714392
247.11108988809
375.133139404
378.126280196
426.1651678040001
338.12196203600007
398.22055744
142.05096669591
399.17100477609006
335.143390416
392.13870160409004
211.94326874
230.00139570200002
371.06075874799996
270.113329098
368.11946349999994
209.141578848
385.13075645600003
439.24442116800014
382.182732452
248.16371125999999
353.18517497600004
255.04089242999999
351.14791745791
254.05138394
462.18842866809
476.19205124800004
449.15892568818003
426.23873292408996
683.1010043760001
203.076870416
287.167399672
440.1709218800001
519.19951831
376.128388372
356.109567512
317.00851185199997
291.137162164
296.132491384
262.135765196
423.08070655399996
299.02041190391
739.2264796600002
342.2307282
347.09208576009
379.22408590409003
498.0049910839999
396.142578538
291.09809128800003
513.1309282120001
488.15731915
311.13822478400004
440.27221615200006
395.1284712680901
360.10045937199993
560.1321670220001
259.04893169391
241.13388835199999
353.13103122800004
452.221226136
507.1636108880902
389.10037937800007
383.179124292
464.1590368680001
286.08711435000004
177.020812084
288.16027929
330.989168448
306.180423944
285.07832696
209.141578848
282.992896682
490.13413909400003
263.92781900800003
502.15355756400004
370.12369691600003
485.08322907200005
460.25867426400004
552.2121179960001
220.19394876799998
226.077598688
397.23867334809006
293.148789468
352.15756325999996
403.20082504000004
292.13406454200003
524.130045248
425.152160596
310.00568697791005
404.0798177779999
398.20877018809
337.16510822800007
363.11922065600004
544.11414373209
247.03117345391001
347.0671071779999
381.20737322009006
273.10561058409
298.146346944
259.05106319000004
254.199428072
356.13453637199996
346.09432496999995
670.1897598040001
223.095691276
532.2083700080001
132.115029752
368.0902886119999
310.997947168
428.080392624
347.01444091581993
577.0854767379999
474.2015533120001
240.13749651199998
271.07219255800004
458.25505168409
358.138953056
227.12912290008998
248.12543448808998
372.12158874000005
420.190988628
313.028613494
384.16852186799997
468.1778639840901
449.12700846800004
538.1825491840001
248.16371125999999
574.1825491840001
269.11808013
387.12001476009004
153.034526936
333.1453574979999
386.04884104409
331.05965743800004
318.17321332399996
414.21760355608995
200.16450536409
381.187483484
342.12101780409006
288.112344384
351.951725248
557.1308479600001
349.13691071209
547.136918054
74.036779432
192.028339988
548.1664307560001
351.19065428
494.07318934591
265.113649848
271.118158036
383.1130726560001
383.16124541591
219.071785036
408.14257563590996
242.199428072
413.14689820409006
401.1430587120901
369.13584183599994
355.1565772799999
256.096025624
152.069810876
249.147726848
552.212117996
251.18852904
288.14904591
390.205576072
206.08439832
472.17198450000006
531.2090982800001
355.121529164
261.19613984009
419.137238184
373.13611660800007
362.02335192400005
516.0650756419998
79.99068854591
489.138890126
417.205241724
291.104147784
347.1606915440001
222.067427928
490.23285344000004
225.12659748
428.04577178400007
346.09022694800007
398.12397168800004
345.19613984009004
208.121177752
550.091551564
480.1658365
322.109961436
542.104224424
196.022786244
310.19173757600004
475.0931483800901
246.959253152
230.10718109799998
251.134385292
327.19467704
390.23158750591006
443.15856004791004
437.188546104
312.17065336409
314.16115130009
246.082684068
290.09515361391004
334.182732452
214.12184644799999
282.08282654008997
278.163042564
263.101839276
337.11834864591
322.21172407200004
378.0877631919101
162.0640568
165.12659748
380.12880561609
496.1618939920001
338.08185542409
350.11790394
300.144707132
101.084063972
215.98495153391
297.13380810000007
319.07139845391004
235.01254618591
439.1968022800001
269.17607309209
518.184857692
253.08268198
422.166413692
293.02760748400004
325.14866640591003
404.14766101591005
625.1218200720001
261.101445352
361.1823981040001
306.17321332399996
556.1799892240901
462.08336010591
276.144707132
425.10971859200015
256.149701008
625.1907628480001
260.098334132
364.2838263919999
320.19607400800004
210.12370317209
246.07529018
339.124386288
412.23352213600003
618.1124941980001
216.101111004
296.11695167791
529.2298337240002
377.01099009191
342.093917448
489.2488378520001
244.06129352600001
320.1596885
305.13920949799996
98.08439831999999
481.2333881200001
419.15856004791016
485.07749831609004
252.101111004
305.09127459200005
176.069810876
443.23549629600006
323.0879205280001
361.16542424599993
312.033421136
440.17092188000004
330.148061196
430.11082074191
297.241627232
452.221226136
334.138953056
182.141913196
406.0323735559099
561.0677179160901
574.145695312
232.015392356
248.07208484417998
475.2080356600001
187.01828666391
511.1949110160902
329.148789468
368.113407004
282.194342692
332.132491384
539.1301792640002
548.041814196
258.17132206009
355.043312196
561.1161826100001
335.12430603600006
334.0371904199999
393.1316766039101
393.0434213160901
219.056528896
363.0789956560001
290.11790394
272.06578811599996
337.163770836
293.210327104
300.127406004
416.18460277408997
226.10848157191
236.127325752
392.0587851699101
330.107652928
307.154859562
400.02186554400004
270.148061196
148.029107208
248.95859246591
251.055873798
544.1799892240901
385.06860028591007
231.112010036
368.19034325209003
518.00378945791
268.134064542
436.13066234018
521.1784668480001
555.1298024040002
373.13611660800007
316.09750548809
300.11186629791
340.0297566318199
505.1723188480001
336.11955500400006
356.20089087209
538.145695312
266.137890436
139.074561908
328.98634850191
461.10925022800006
266.08037556
287.076870416
315.158291532
191.051718288
430.1865719440001
387.234433676
285.11134134
530.215502722
190.110613068
575.15297176409
275.17877552409
363.02324544800007
263.12912290009
361.18239810399996
540.2094326280002
450.24917220000003
295.14496357400003
426.1651678040001
226.05646932
504.1957546360001
403.077281404
465.2236857240001
485.065470832
598.16022489609
376.24957238009
283.099062404
370.20262218809
299.10700490799996
369.1338081
456.11815618809004
375.0330867880001
289.10625596
306.23072819999993
237.10144535199998
281.152812228
561.96480350791
414.11888630800007
387.133139404
184.100048384
191.0443244
160.074896256
346.138953056
372.14470713200006
375.15426877199997
452.228436756
248.07208484417998
569.0784142320001
449.01790861609
489.062038862
108.983363956
390.20368480809003
295.179695672
283.05295445391
418.1059386759999
290.08202897
345.15493746800007
219.104799416
314.14912381600004
190.049075432
457.16927346009004
603.0740736880001
324.208930136
629.163210708
272.056208146
409.01480600400004
498.27432432800003
306.16132831199997
378.22883693609003
465.1418128240901
300.01095437600003
564.28299774809
287.18450628000005
269.1276601
188.098334132
605.224748344
636.145766398
502.13413909400003
154.004827672
231.14839554399998
319.128054024
459.07834402400016
271.16060004
515.09929638009
252.15862588
336.00968988381993
413.22956520809004
534.1052835779999
314.11273830799996
346.200490692
314.0507323079999
498.18629717199997
227.11709541599998
356.20810149208995
342.08766643200005
245.056542494
380.20999275599996
285.136493468
602.1266911839999
346.10807017209
316.14041585608993
252.09073692990998
397.1287227200001
436.1719845000001
373.247775232
237.118735228
524.2284367560001
317.17394159599996
294.2307282
369.110689708
243.18344366
345.158960228
704.315629012
400.15164923609007
358.0026982
535.1790440400001
339.180758292
391.168462292
451.07154092599995
412.24957238009006
480.1560829840901
385.163770836
293.140036352
459.23827316800003
498.13977782209014
358.19011661790995
238.095356928
314.112738308
272.09094024399997
397.20149373600003
328.10725900399996
343.0599915280001
372.19098862800007
260.129155592
313.215412484
107.921076752
311.0476955280001
145.13353958409
348.0074182939101
597.1529484439999
494.0273448480001
280.160934388
433.19936223991004
547.2299591320899
337.074578972
387.13461926809003
464.23967013600003
375.1923076899999
193.085126592
377.148789468
388.13578226
681.2057442160001
328.16477388000004
263.010841656
101.047678464
330.1089903200001
332.132491384
254.141913196
321.10158782409
344.06664742191003
397.23867334809006
413.12700846800004
260.098334132
305.18517497600004
237.049803704
204.101111004
441.1781983320901
440.217203376
299.149458164
473.21753772400007
416.98350587600004
257.11642672
385.14350077391
181.050394494
414.1413530680001
371.1342020240001
427.164439532
198.06801813609
139.074561908
321.981440212
448.13175950000004
486.0944086880001
302.149123816
315.99934211191
343.15406545791
292.103236244
371.1130726560001
256.097679034
258.111675688
291.00897520982005
232.121177752
234.0422758
263.00580942
471.10733854609003
251.08889790009
493.170190254
511.109644152
153.078978592
450.21278669200007
267.219829168
381.04442171600004
250.15500330009
434.12397168800004
342.16123155209
287.03646214800006
370.05421122800004
265.113649848
424.17600726000006
320.063091496
321.0220517159099
203.12912290008998
159.104799416
417.205241724
389.23279386400003
526.145695312
76.00797784
296.00155386000006
195.07978976009
600.1971020881801
188.025563116
515.093793756
333.08704851791
418.16331107991
383.0415412719099
337.15913723991
428.04793449417997
418.02279358591
168.126263132
415.12019177200006
431.1202832760001
209.18919773599998
449.18115221599993
278.120132196
334.088832068
433.1399561000001
343.96939878590996
156.05899474009
316.1300417820001
286.179361324
273.11134134
281.10117058000003
349.05359207609
467.1574628880901
320.081360274
465.2488378520001
354.144038436
346.06618204
541.1094438199999
304.08162878991004
254.141913196
241.113649848
225.032045464
128.94168975391003
353.06139110781993
280.117154992
134.059246192
452.1379075000001
265.113649848
391.05609061209
338.04522968391
359.232125168
340.21318687209
596.2252081000901
467.13534489600005
297.977546072
495.0762125279099
374.19705872199995
506.97308366409004
226.02918569591
384.195011388
432.1447071320001
384.20222200800004
333.187483484
400.2375448960001
193.146664228
464.192051248
301.11748934
261.06458175791
332.124956402
308.24637826399993
462.26522244409
373.16927346009004
471.17673553200007
431.145435404
406.20262218809
532.1562599959999
348.17896114391004
254.04736118
488.22843675600006
281.12044948
441.23297087591004
273.11134134
668.16452977
210.067427928
218.097665436
273.16312546009
339.0457410438201
425.23145647200005
465.1509147080001
570.1216058040002
222.000389692
305.10667320409
200.025563116
414.21760355609
333.07430420000003
382.0933460680001
152.058577496
223.11431854399999
242.08202897
341.210327104
329.13542459190995
551.177798152
514.2309621760902
238.146998576
230.116761068
364.17955193391
206.116761068
423.2521919160001
439.17567291200015
355.1565772799999
112.10004838399999
302.08758618
476.28424363609
374.20877018809006
308.13746197218
275.12126064809
290.153146576
163.01674537591
149.084063972
306.205576072
425.17462735600014
277.150035356
652.133229642
304.981642006
305.15395509999996
254.04736118
256.149701008
287.101839276
474.06645345799996
494.1154578039999
367.11815803600007
503.15698480199995
278.02660444
354.153085734
113.09529735199999
261.11134134
367.18959165999996
316.117154992
254.199428072
390.23158750591006
201.15975433209
389.058260212
393.0565459600001
383.14945816400007
192.126263132
246.103813436
464.1742930080001
456.130593864
353.11577508799996
350.17238468009003
295.14117866791
420.241292884
328.12265761609007
166.08546094
385.05146058
427.05440324418004
306.0367752000001
433.1974709760001
445.1359333400001
273.12659748000004
548.2516976200901
422.256942948
453.17362222400004
218.097665436
653.2108295959999
204.986735084
493.19424232009004
189.00878459991
191.14224754399999
360.14086764
290.0779309480001
401.115775088
218.10667056
211.059305768
354.1240519400001
401.24482134809006
307.97915230182
336.08183210399994
313.179026976
314.185509324
412.19713662800007
308.99518186991
416.0782611279099
313.24856933609
226.08546094
414.1413530680001
406.19859942809006
493.2549858520001
372.20301611209
422.256942948
292.143644512
240.12437186808998
333.16885621600005
324.208930136
280.11928648809
309.230393852
307.132076784
393.0660616220001
270.194342692
370.129057068
573.1741755720901
287.03646214800006
409.2365418520001
355.10119390009
226.04121318
606.2320247960901
493.19424232009004
318.061927328
233.0874351
378.11181816009
282.08652356000005
293.18919773600004
470.11208667600005
258.194342692
321.10481648000007
284.10619638400004
562.105287044
259.070070784
189.12659748
277.142641468
503.06187943791
214.075370432
277.10790937
586.132244928
389.1097185920001
302.116761068
286.05244656
288.07933000400004
243.158291532
115.04006766391001
313.082757242
383.22302328409006
356.00028439209007
430.20788458
462.26522244409006
196.067034004
489.09842437
575.2366504200002
258.184446704
283.15533764809
199.18048977608998
403.1579146720001
289.98197635400004
448.13639309609005
280.143644512
603.163132802
375.1923076899999
265.061627874
195.974898288
500.175946418
373.21352122009006
439.16781066000004
597.05990736591
636.138315022
377.18517497600004
159.11280414009
494.173624312
409.157245976
430.1633110799101
309.97754607200005
319.10503339209004
309.12257472000005
336.15862588
313.15387484800004
219.025876168
294.180423944
251.05124020191
186.09054632
308.0674415260001
226.117823688
380.18294936409006
320.15010852999995
421.0899678619999
215.14224754399999
380.05367497218003
356.10462113809007
134.968361292
562.1945766680901
225.12092421209
552.212117996
277.142641468
276.06023437199997
372.17323038800004
430.1250343080001
273.0935831
271.18959166
252.126263132
206.08037556
327.13830503599996
218.15314657599998
334.190594704
261.11134134
298.154209196
381.11855196000005
210.09054632
473.19317970009007
179.99470504982
327.19467704
602.1478205520002
323.15300283791
412.23431624009
307.168462292
448.21026127191
344.073182004
465.13968132800005
245.11642672
308.11695167791004
403.21285252409
390.10340203618006
441.14707521599996
209.0874351
292.12203705791
320.18484062799996
151.994910388
525.1509147080001
343.27359605600003
450.118417944
303.12324341600004
303.180758292
413.08255681200006
650.1999305640002
386.0854000980001
544.1799892240901
383.1494581640001
207.137162164
510.27432432800003
319.17969567200004
448.11973201591
342.9349603299101
508.21716883618
486.158642944
484.0657307399999
345.1259458480001
538.184202594
274.04458430799997
495.2382731680001
372.2022220080001
296.092593654
644.0070169259999
544.231152786
345.1259458480001
677.377500996
474.2015533120001
187.08579528799999
469.11432588591003
429.2124523440001
549.2105610800901
440.1206176240001
366.205576072
323.05670065199996
247.106924656
341.13217409999993
430.1633110799101
217.15789760799998
279.09809128800003
463.15554532199997
435.1807582920001
338.0604858239101
201.05547987399999
314.97297002781994
281.13889348000004
530.2250826920002
219.9654401
208.09791688791
356.113407004
277.99235042809005
364.04364654400007
397.17500421600005
299.19976242
376.0549450960001
514.1825491840001
217.085126592
462.10449919600006
310.171499072
344.979666384
575.22541704
351.11922065600004
257.04451500991
639.195179532
467.1694903721801
453.183460724
461.21753772400007
310.10824371800004
433.19747097600003
497.0787379479998
334.182732452
305.152812228
304.9816420060001
117.964398776
464.0594057280901
402.09373418000007
378.1240519400001
288.14904591000004
355.1565772799999
459.1534746679101
194.08202897
302.0797239280001
336.03371329390995
298.13511356399994
122.90871491991001
208.051777864
316.06301124399994
451.204196168
244.125200512
504.1749412859999
644.1573191499999
404.14059286799994
324.208930136
189.12659748
350.170253184
330.16919056399996
255.16042302808998
500.23967013600003
308.14845512
381.13167660391
461.17712945600016
161.051049592
378.23793882
569.1897002280001
253.1215121
336.163791512
244.03150780190998
424.24957238009
468.23860751600006
310.002458322
285.147726848
190.10872180408998
101.047678464
389.13841539391
294.097997696
349.13861870799997
415.03746334409004
466.20770131200004
345.1129947499999
362.0572571679999
376.11290410018006
347.23212516800004
268.215078136
153.034526936
499.15962266791007
129.090211972
331.18959165999996
302.153146576
313.10962708799997
368.09242010809
193.13274547999998
287.16503032199995
223.01042441191
207.137162164
363.02324544800007
487.106273024
173.070145224
348.0735895260001
444.22816824009
272.078915662
310.12771967599997
260.071640716
311.90106041999996
294.205576072
356.085558256
497.15600008800004
321.1800895960001
355.15052078400004
254.15314657599998
449.015722472
462.26522244409
418.09214177209003
464.13956091
487.062493628
295.132076784
453.04835796791
393.201218964
217.10625596
439.1968022800001
473.19317970009007
415.237210548
247.950662628
372.161997008
290.199428072
215.126991404
353.1310312280001
156.05899474009
375.13710074009
306.09775694000007
168.020477736
236.116092372
262.077598688
612.1270816419999
365.11326326590995
337.200156344
369.16233135600004
240.06998788791
621.2196629639999
583.1460296600001
636.23135610009
140.924782228
214.025753144
347.10923316400005
308.002240828
315.11922065600004
522.0858719280001
527.104558772
260.16787649209
374.20877018809006
209.11642672
398.16452242809
693.242129724
568.0621120359999
454.13242819600003
359.02437324
370.21172407200004
222.00778155591001
269.210327104
508.2335221360001
420.190988628
549.089377072
208.132411132
189.020812084
476.27221615200006
378.0921686561801
246.173213324
440.14770672809004
176.11822386809
367.1855689000001
319.17567291200004
313.14350077391
335.1957396600001
283.083425938
392.11127550791
239.08487514009
287.00178666
312.18188674409
268.088163372
106.018542524
445.14582932800016
563.2278645540899
446.181486564
409.12659122391005
453.15830859600004
366.22883693609003
353.06404764
284.052425264
194.034410082
355.02492243790994
333.1450414800001
192.055145526
358.109961436
333.13797333209
280.132411132
533.0906229599999
387.0789956560001
379.172976292
348.0217173679099
304.215078136
284.102173624
380.03480747199995
597.0831682300001
441.10932075791
243.09040258191
515.0577991899099
348.00741829391006
296.12543448809004
277.21431532418
462.21231832800004
218.09350020391
363.21714380000003
408.2134553880001
279.158291532
384.0617384719101
234.119069576
481.32391737600005
209.080041212
278.14191319599996
403.24844392800014
222.111675688
480.0575392819101
404.23245951600006
342.12243098190993
358.18736604809
261.12257472
623.1660964079999
337.200156344
161.095297352
187.01828666391
536.094128104
498.18842866809
410.24302420000004
191.105862036
376.11636088791005
191.0443244
242.12799444799998
347.09208576008996
217.02885134791
267.94761466391003
319.03202416799996
175.08579528799999
581.24416971609
354.159294576
298.055817688
379.19107152409
182.02410031591
384.13684488
274.971253752
85.08914935199999
467.87531130799994
637.346200868
264.076274894
618.1836118040001
308.127325752
444.17896114391
368.173607248
283.15533764809
380.14272436409004
270.100442308
305.129693836
711.2898740200901
376.24957238009
343.18196964018
129.12659748
299.99845650382
475.14838928791
451.15052078400004
290.199428072
344.18484062799996
351.02185340799997
260.106196384
460.1971366280001
360.18140865799995
192.13749651199998
422.177647072
269.11642672
309.12659748000004
314.103158338
313.21655535599996
523.1585255080902
291.15042928
381.1913229760001
482.1044646561801
254.08037556
180.02027384
250.142975816
406.19859942809006
439.16781066
185.03162821991
309.230393852
409.2365418520001
500.1548716359101
242.005475072
380.14272436409
329.187004816
421.03943309591
317.041526232
414.15943704809
364.06850414599995
452.29736828
243.14839554399998
310.13511356399994
406.15355756400004
474.17640118400004
306.23072819999993
290.11841447800003
269.07791174
326.06298994800005
536.1664307560001
413.215093112
262.113984196
189.015311484
520.1944512600002
436.17600726000006
272.106196384
250.077598688
295.225977168
197.152812228
355.08545967399994
312.0640738639999
367.21205842000006
402.09405992009
473.1754214600901
286.11175594
492.12676562400014
262.121846448
251.163376912
366.059002082
447.18412942000015
382.01540941999997
131.00158757791002
264.97721172400003
436.18590324800005
246.174356196
386.16641369200005
183.105942288
331.1565772799999
383.12734017190996
320.96704096400003
247.106924656
270.074821816
277.179026976
383.16869626809006
216.95522191982002
555.1393180660002
305.06966713791
383.1104727959101
476.28424363609
257.17607309209
201.020812084
294.17321332399996
421.15552825799995
138.09054632
289.098013382
284.13069687999996
386.11714228781995
240.056863244
424.10488965400003
424.16477388000004
398.14126156400005
457.25980271609
451.204196168
165.151749608
251.105862036
325.11748934
402.13011968800004
338.092751812
205.059974464
385.1287227200001
183.01763156591
392.07253037200013
437.08873169609
328.15354049999996
379.1293914160001
170.16517406008998
311.13036253199994
238.07508686590998
421.2338564840001
263.149458164
271.987048136
226.025576714
445.13593334000007
262.106121944
277.08598589791
304.13193304591005
322.15207769991
405.237604472
306.045646928
202.102750816
160.100048384
594.208763932
667.1900941520001
519.19151358591
259.00067089600003
312.22816824009
525.1331564680002
442.1414333200001
527.1124210240001
274.168127944
295.168462292
292.215078136
224.08104425599998
543.2416442960001
242.105527688
279.112010036
303.94891946781996
194.024690524
311.14348717591
255.98388891391
259.054434318
489.2236857240001
294.205576072
434.1694590799101
312.15862587999993
425.17149698400004
291.044263558
439.14668129200004
491.2029502800001
313.17713571209003
319.983025376
554.13204161391
176.069810876
347.18938834591
228.1473925
297.977546072
180.089877624
384.12561149999993
571.0478589400002
246.082684068
212.071464286
460.11233812791005
305.221560484
299.13822478400004
371.00521243599997
295.09380001209
331.04662665190995
541.0665334519999
248.188863388
330.13280505600005
231.06965353991
596.132167022
431.1494581640001
331.20082504000004
435.074972896
224.09307174008998
195.125928784
288.14904591000004
99.068413908
401.1351867379999
273.0935831
492.21424949209
351.16952491200004
148.065492716
302.15394068009
365.14305871209007
283.18959166
406.26013706409003
409.23654185199996
390.23158750591006
199.070539148
312.11437811999997
311.159354152
400.226311516
342.144038436
202.021913652
411.01922268800007
302.02007755590995
548.17892660409
442.16221392009004
204.126263132
199.110947416
378.17067042809
584.132167022
295.057176296
379.07670655799996
519.04171094
382.222957452
268.053431274
262.11209293209
333.1450414800001
511.109644152
394.14634694399996
359.01118342408995
375.22068847391
307.09380001209007
273.049803704
537.150446344
290.12092630009
236.07105050791
441.16696495209004
292.13578226
199.110947416
601.179529468
573.1621480880001
370.12905706800007
211.026291388
481.15099496000005
309.168856216
540.1850746040901
398.9803925680001
329.986525592
185.11642672
342.11167568800005
299.08374404391
349.0514605800001
251.14224754399999
272.056208146
388.162329268
439.17567291200015
196.15756326
383.19573966
298.106590308
580.164122248
408.166077256
348.0979475499101
312.14825180591004
403.08404649618
259.041547528
346.0191919478199
349.15387484800004
156.13829061609
452.17429300800006
282.11684132
391.14094081400003
383.149458164
509.16126247991
429.09689280409003
172.121177752
205.1215121
233.141578848
343.225977168
255.19467704
352.14316642590995
452.2032846280001
255.11617526809
431.0645740041801
580.102116248
382.02114017591
188.909526088
303.083018416
333.07643569608996
350.14912381600004
373.13611660800007
262.142975816
252.13749651199998
380.09242010809
230.05711469591
259.000804292
258.194342692
542.140287094
381.13167660391
458.2066386920001
242.04925244391
233.10605264591
432.17786398409
206.116761068
336.15862588
374.16372832400003
463.10053254599995
331.08244703599996
350.16390186991
281.235479232
326.13002818399997
234.115698448
511.08638328791
221.02376596791
242.97636601609
241.010226104
464.20218746818006
168.089877624
257.199093724
319.128054024
216.101111004
263.174610292
218.08037556
272.083077992
433.1399561000001
512.1114179799999
304.118808402
122.08439831999999
433.157245976
196.16959074409
350.163042564
407.1496006360901
156.952711228
327.05133170591006
426.2491722000001
340.16477388000004
359.19573966
226.11861779209
287.11709541600004
395.23212516800004
253.10625596
578.22924792409
325.017436724
703.2264796600001
312.062356146
265.052112212
742.2122265640002
292.132411132
317.1779643560001
257.144949976
169.11027872
250.12184644799999
473.19317970009007
276.041226778
365.24482134809
272.11420110808996
438.18379507200007
378.17067042809003
540.1016990039101
318.0367752000001
246.082684068
71.073499288
538.1461636760001
286.18352655609
519.1978649
387.99750752009
176.09307174008998
407.1900089040901
337.1982650800901
210.038436308
86.07316494
306.12707430009
441.11557177390995
236.08703932809
373.21352122009006
138.09054632
377.14305871209007
459.17752963609007
301.08626946399994
466.22564281999996
420.18578018591
289.09801338200003
172.02813667390998
179.02271694591002
397.07324158
286.14108455209004
463.2200631440901
402.09373418
231.031376768
652.1791951200001
366.205576072
205.085126592
227.105862036
383.14159591199996
365.24482134809
258.140198944
220.067034004
207.075624528
384.13684487999996
376.09537399199996
278.13215968009
386.21787207200003
274.106590308
352.21318687209
412.95173738400007
315.022623652
321.09742259200004
379.16994215609003
438.1916573240001
582.0722691979998
482.11948056400007
597.17620930809
252.15862588
75.068413908
304.096025624
182.15314657599998
197.043655704
271.18959166
249.172878976
385.2226231040001
334.14634694399996
270.160437448
352.14478738400004
408.21345538800006
170.07316494
368.1709218800001
247.168462292
636.1457663979999
399.1079872760001
249.022465494
137.095297352
360.20624476800003
264.122240372
476.16093015600006
472.11863485609007
401.1923855960001
400.139621752
364.17435675209003
378.205576072
220.11142423609
417.05304823609004
107.03711378
386.104876056
238.069736436
164.094963004
311.145618672
194.105527688
386.13937030009
284.15650064
336.07358952600003
126.943289416
344.192234516
472.09400504191
385.1519835840901
530.1154578039999
325.13274548
423.1786267959101
315.17354767200004
273.14583558409004
448.233522136
292.13406454200003
400.1317595000001
234.136827816
217.1215121
333.07643569608996
230.116761068
274.02132344391
529.1202088359998
274.044584308
65.003226808
251.105862036
368.09028861200005
371.159354152
281.13889348000004
444.1406843720001
536.100947146
390.23158750591
313.05211221199994
397.120860468
249.12659748
343.100205276
281.09127459200005
273.03393672791003
425.034250956
354.124942804
369.15224084799996
445.14796082409015
382.093346068
167.036462148
268.097679034
288.018348264
431.12028327600007
596.132167022
353.16081695209
303.07514644190996
256.215078136
492.25973688400006
293.00978291191
374.98283718000005
346.04842379999997
256.950996976
189.937789436
266.108898816
392.11127550791
251.105862036
303.083391044
392.02813331991
182.17829870399999
464.12093364199995
256.149701008
331.20082504000004
367.1102957840001
177.020812084
490.191596482
508.16985590599995
149.12044948
425.1600228480001
514.1825491840001
293.02187470399997
396.10045937200005
514.2692389480001
363.15256077609007
284.16371126
349.2014937360001
382.1381589519101
206.105527688
168.089877624
396.173230388
512.2021874681801
439.11602944200007
230.12799444799998
362.12562509800006
150.044757272
444.11742350791
310.12771967599997
450.15204316009
161.095297352
295.225977168
331.090309288
568.1509976040901
179.07905940009
163.110947416
344.192234516
362.20877018809006
127.063328528
195.13606500417998
251.11709541599998
433.09954783200016
581.0745084079099
247.90041302
265.157897608
150.974509292
342.17004986991003
491.11981491200004
373.07685294018006
552.073114324
204.126263132
247.11108988809
181.090292224
280.09445037809
605.1519773279999
399.18303226018
374.139720276
513.28522336
145.073893212
188.098334132
477.1741755720901
454.1324281960001
244.07276475991
155.00983015591
221.051049592
431.17058753200007
437.16802757209
341.11240396
425.15216059600004
338.04608898982
354.148061196
559.240398408
253.113649848
409.1662511
265.113649848
439.221954408
530.9304249439999
434.19461120791
435.16550215200004
193.1215121
311.14812077199997
151.08579528799999
505.29137136
513.28522336
361.00357262400007
577.1701873519103
422.1139779399099
481.13672744409007
312.13763898408996
335.14945816400007
189.96953932382002
447.15237750809
152.08183836009
413.2287711040001
531.145374562
271.114318544
454.211724072
337.20015634400005
508.262045392
333.127740352
404.04680339800007
337.14477296409007
414.212786692
402.25319496
355.058654136
123.07964728799999
372.12158874000005
333.087332084
260.056208146
215.08487514009
415.12569439609007
454.105938676
185.09316585591
573.1621480880001
169.11027872
332.132491384
387.13881557400003
228.07785013991
397.20149373600003
337.200156344
437.188546104
264.0853865
704.1506110220002
264.1473925
293.24482134809
458.09323127618
393.180089596
263.00580942
397.20149373600015
223.157228912
532.046834404
398.177647072
327.0743523378201
223.095691276
291.104147784
397.20149373600003
354.95662243199996
330.0885572959999
452.22012897618
484.1104468640001
426.124942804
393.16806211191005
380.0596358840001
642.2451494400001
403.17183342000004
435.20188766000007
319.237210548
368.207307388
330.151432324
375.094384546
441.241627232
309.114137622
244.01453394391004
272.081285012
302.101504928
429.083309324
192.101111004
470.23900144000004
269.141578848
383.12847126809004
493.2008421040002
319.12805402400005
176.07397610809
268.055800624
234.99966142
449.18115221600004
162.023627904
391.04354970591004
231.12403752008998
515.18261501609
315.113152908
255.17354767199998
372.14887236409004
129.08225296009002
343.04079913608996
415.07860907391
369.10481648000007
287.06710717799996
443.22810240800004
465.1219230880001
242.116761068
464.1436411579999
59.04834715999999
132.10190510809
243.14918964809
261.129968608
300.018348264
382.0938144320001
317.177964356
516.1116927520001
288.06023437199997
400.04364654400007
190.10872180408998
368.14443236000005
357.08956034000016
267.05567048391003
290.108898816
237.05506609591
537.1616797240001
341.18517497600004
406.19475993609
86.036779432
457.2338564840001
298.190594704
215.08487514009
568.156259996
596.1441945060899
482.1042244239999
273.97754607200005
247.077933036
303.12355943399996
298.11782368800004
383.12046654400007
272.138559132
597.1624641059999
416.1596885
537.1153885059101
163.08579528799999
331.0102411439101
224.08136027400002
339.06288110391
369.20524172399996
151.08579528799999
315.16952491200004
252.09953575809
310.068075328
321.125945848
44.037448127999994
258.128965564
341.17205033209
164.131348512
299.174610292
397.23867334809006
194.105527688
357.189985584
217.085126592
392.196074008
403.21285252409
431.17058753200007
296.171162636
248.188863388
244.149701008
368.14576975200004
196.05006014600002
439.1869062920001
690.2060785640002
431.17058753200007
459.15347466791
298.09432497
386.20028737791
438.10112806800004
311.13633352009003
408.0730789880001
437.11440613791
218.16517406008998
329.104541708
212.08104425599998
368.98705054990995
326.07337261390995
433.16847935600003
208.121177752
411.24950654800006
287.03646214800006
264.06596512791003
345.17435884009
225.172878976
548.06064536
244.088163372
404.243692896
377.1487894680001
198.98373099591
312.97044460773003
186.09054632
225.18411235599999
482.1044646561801
489.03139383200005
334.138953056
355.06816979799993
314.103158338
465.15256811800003
221.09866848
344.16371126
188.094963004
438.07023546200014
314.10315833800007
449.16802757208995
485.12126799
318.01328417999997
224.098334132
305.140927216
456.1480782600001
190.08546094
271.02165779191006
389.0681562
355.09333164809
210.12370317209
584.132167022
411.20188766000007
325.032747512
444.09581605382004
275.06545376800005
275.090605896
404.28087250809
374.2207976721801
407.085791934
349.08196313791007
455.27188180400003
382.101895288
277.04471832400003
340.1495177400001
329.073516352
266.199428072
344.06782185199995
492.19899335209
413.21753772400007
437.20630434400005
317.09464572
267.05250613600003
247.168462292
319.136099544
103.02694302
319.114318544
331.11431854400007
320.10633885608996
368.173607248
393.0313938320001
240.075958876
312.11650961609
455.2208917880001
311.1052104040001
438.281718216
296.138559132
351.288577424
200.054554736
295.14117866791
225.0935831
391.21205842000006
337.0745789720001
186.119069576
285.158960228
276.042880188
393.17133648
262.121846448
349.05359207609
389.07918568400004
380.12880561609006
309.97754607200005
462.1222574360001
351.18155239609
493.15099496000005
