0.5133400437539685
0.8500736739509304
0.3616078748567702
0.36140943595631964
0.26583656834689084
0.6163104217718122
0.22401091475139187
0.2948610147532209
0.2225454946852988
0.6541694533138172
0.6805015401922985
0.4670575300571012
0.6057080538703374
0.7390663354681326
0.2030581496609544
0.11928778298005963
0.11884324589454427
0.51302165188696
0.43029879832793777
0.23870755538942676
0.9114952148423656
0.700965777608262
0.6235501837012393
0.32256723114212743
0.67167437177487
0.7425556246341988
0.4981243914999668
0.791182311908477
0.2558341967113548
0.18137601147443638
0.8735890267825028
0.9270030653528921
0.6858138196351945
0.31117546960297376
0.13605160592393206
0.7042501678896738
0.45802688654461676
0.4094374465072884
0.25343915342477674
0.8396329145171115
0.8095745930049502
0.729301424690396
0.32935345182711295
0.5641464689548088
0.47620247849391617
0.39423188587054087
0.31293294744443184
0.48416098045950395
0.42701889654634123
0.6213602557892601
0.7901579231346587
0.9420491079464026
0.5891563357801367
0.12701770722589992
0.3281349276512378
0.5609594843296508
0.6099234061560092
0.39107558523570085
0.3657382868580817
0.6757589818025268
0.7406446645915858
0.4463194250437003
0.39825791083566253
0.42457265037061886
0.5053000537505088
0.8367201845685326
0.34550336494815875
0.17105571755072968
0.3069945894518714
0.24180230908755349
0.9404102795635327
0.7775242987203487
0.6187539035228021
0.7059069805055387
0.4216899570906112
0.6905824850540192
0.8407002007894229
0.15408045420621147
0.1461103491345256
0.6556475992068684
0.7201449373088499
0.4809068336534597
0.7101733040481525
0.2998557735369404
0.44904675199611827
0.7539287315312886
0.3077144987753126
0.8566099797277301
0.5570854380683158
0.6944985207559521
0.4813482750185788
0.166891619740581
0.5805144078749508
0.5561462302314248
0.8404230315707529
0.5282169324206503
0.8797698706823941
0.6667641472571721
0.3967822959229944
0.6518152588469034
0.43039355820356817
0.8542380748107583
0.6215441254747281
0.394967137936106
0.5096271135293108
0.44654173833466615
0.15841732860890295
0.8293997580731319
0.399769863278654
0.9304659242141432
0.5375169524366573
0.5339358174854493
0.2895697676320883
0.3493744980731514
0.5371147413277857
0.809545609005107
0.783680430223023
0.4795399470011256
0.8180692957760964
0.8285558549791331
0.7804353994070959
0.8408023870913203
0.18191390457960513
0.4406510947636094
0.35529108419003813
0.6120478428800085
0.8615758099520843
0.8605568989653523
0.6131209398066787
0.9044003179693534
0.12475303210785114
0.40453980507521103
0.23577574870043755
0.18437964410548538
0.5554279356913496
0.749235419890431
0.5577760468954572
0.7908667968852718
0.5101145951797702
0.5835969366784086
0.44286858043142086
0.4356617758818335
0.44654173833466604
0.7007100229058192
0.8009820208142084
0.6146047760145332
0.18768794414903744
0.5792439182089675
0.8086655202307969
0.35909173873307126
0.5019808363873823
0.7836427796007237
0.3801855580693107
0.8714138054858829
0.9435577314444354
0.5569333738272082
0.6485350394100438
0.5552168923685448
0.5196468626808072
0.2027077516478932
0.4116758508510142
0.5336968400216597
0.43686997820413825
0.3338925794807652
0.5739179379213795
0.46390564464292167
0.39630020506491453
0.43269682415518546
0.7686411749488553
0.6744075149030992
0.6332139054242945
0.48149652426169853
0.5739119697084583
0.5779661719109732
0.18210909677361115
0.8689427585193297
0.41188507150623516
0.5595261403692914
0.7540733272124261
0.1704700994704052
0.3474443038260257
0.3518185522915359
0.4148041006444975
0.839412902399556
0.2955988928558074
0.7518834269967096
0.8579898030518971
0.22595832644369895
0.4494313840664384
0.7840979987654594
0.5137121778352232
0.9003278498741211
0.3262658201032535
0.9086417997802287
0.446732079206515
0.43686997820413825
0.6356895924271304
0.6613854868848443
0.8107722460026207
0.4059413858250294
0.3347165195120333
0.807435392490082
0.860499267449892
0.49018900805519483
0.72214759953309
0.6814461316385897
0.44040511648099046
0.2006068660247927
0.676142084035363
0.7051766406481903
0.5022131128124979
0.3751915731396574
0.19490941472079132
0.41184569810699506
0.21572859717854856
0.5114406463437063
0.6070110694618729
0.5638020769561775
0.2240261645064241
0.6815770954438061
0.4520197783012831
0.3167450669443925
0.7896310157594132
0.7372575812100662
0.5965482116819139
0.6356064618175402
0.7967532564365033
0.3899537773284265
0.3954874355127976
0.45073025780841275
0.5319515002753167
0.3961616234500173
0.641454863901317
0.3606514956013983
0.3614775354742248
0.779556271503928
0.11310196105868743
0.14775315073118364
0.7071467841303314
0.6069111642089063
0.14695926656434433
0.31205828306985556
0.4466266407897091
0.3585358487498855
0.7688732781721745
0.552591056327564
0.737426261975162
0.6102556963639285
0.5896180038992477
0.6237416703242528
0.7087059596304729
0.6082822870224012
0.9013694729296355
0.3723438598628923
0.6978666683012124
0.6059101916517239
0.32890728176459405
0.22064915562012183
0.23938393940582914
0.6526854930556861
0.14208559983639105
0.3577282937832944
0.23618338334468256
0.16124651154663286
0.7992072452698727
0.45039605462154647
0.4051611894484207
0.36120417071259653
0.48481254225962683
0.4556588833144452
0.5377142662957842
0.9301341993050057
0.3803378129611179
0.15262574886577945
0.7766104524520633
0.6449581836143407
0.7195705401432668
0.27669585155441123
0.4337486689156819
0.8587789161881243
0.7144581997041173
0.853936734159262
0.5814122309002738
0.4642582028842914
0.7387602109055708
0.34453489334334086
0.5850529213081501
0.24653810914944457
0.5033462390508122
0.4726552604996922
0.9176598145270767
0.4632541030710416
0.8264828813947355
0.3785409576941748
0.2520325834665044
0.803511569795935
0.2978443907514461
0.43814490503311465
0.27149379486393177
0.6711062456227985
0.8442208359494997
0.43966677134414783
0.13227624351714495
0.8529044961118792
0.6581005970808806
0.6769769358318046
0.311346458201107
0.2929077752196597
0.8398661558917127
0.4951603320043108
0.5625238546111764
0.8660572949692428
0.5375203732072044
0.8043167799628512
0.5295966506874721
0.7456081435248052
0.6758110188388627
0.2345360809615339
0.5692563854395408
0.6492745796975635
0.9151103792908116
0.3292715679846409
0.4538480889060148
0.7264529779018399
0.527404023738525
0.713919039299061
0.9322414593047503
0.6684480748096802
0.5600843031512224
0.4506180361542136
0.5385211842343395
0.7207278275995945
0.2060742964710317
0.7886749842911217
0.36411529191007674
0.5002115176585054
0.5826970849337044
0.5468743317828224
0.586227586635972
0.8590930993003837
0.586897119354457
0.5191976018195136
0.8703613714676023
0.5498345959618314
0.7973049472536587
0.35578470655128625
0.5593651641946044
0.5682048384062918
0.47485631881383705
0.3674909429212282
0.5221086271159694
0.6535849300874133
0.3144805658204017
0.3408216014958598
0.5090105266402529
0.46150290406567035
0.7863439635342662
0.8232503848243992
0.2590023460982213
0.29418124380112465
0.6868241598383376
0.46660029490352745
0.6311999850058478
0.3969202543155255
0.46136348232817076
0.4197922337787302
0.5932066007944673
0.46295310116325283
0.6074964999957496
0.5952170886547848
0.48207143088747934
0.7753828658825388
0.5613335573215954
0.513922722575656
0.6068283689141492
0.4632257080621317
0.44875748568569745
0.7109547206172456
0.5534864136582588
0.4172410729142101
0.43826564751729924
0.3239066711922548
0.7297958001312443
0.7301224290438908
0.4383599481511321
0.3526916667757642
0.32763364439617926
0.12488123697729621
0.1970907933641047
0.4952554077176151
0.3528024731685526
0.5728363606175303
0.4283694560628769
0.6830145797120173
0.7425820793350736
0.8334385311353305
0.32303699416245607
0.7922053529775849
0.7012993178073481
0.8186566698463632
0.5304664146661139
0.20680601928159498
0.5112331829070652
0.44696079655579
0.1780528351742185
0.5544744537390811
0.46777440250713304
0.7048047150125174
0.5258605028825222
0.5749131373000833
0.6185548726384287
0.641661840294753
0.5095165992442652
0.5206469130438317
0.510942609530122
0.4278069917833288
0.3616847289244625
0.3267492485901047
0.35029647144737114
0.40664621114773325
0.5571887809063459
0.4469573250985378
0.8978457207350535
0.4393091399549113
0.5095393668373626
0.3388439964850673
0.6352967324771878
0.4728860888916643
0.5293456539024622
0.5000878064770903
0.692223751239961
0.6378738811035622
0.4330377527390457
0.6760191004960108
0.38695756286275057
0.679308672026521
0.6886951387408216
0.5376269504956254
0.7617173042937789
0.5639968579646873
0.5848279486901438
0.6607385360721932
0.44801872772092993
0.490656914569484
0.6223454339165705
0.16283902102001077
0.5403424628802987
0.8778715625735215
0.34754406862461124
0.7095996260167096
0.2111150329306261
0.6026936937549282
0.6756275144214106
0.7443045245912925
0.8127872511301794
0.4675483215322897
0.4166685594865348
0.3063400150566362
0.36039887807053234
0.5077004503015033
0.4645312224524152
0.26493782983961034
0.9322926608251179
0.6918138898622362
0.23396303465182763
0.46543258628331274
0.7805240864404054
0.568900146064095
0.3032381578092925
0.19127296196390497
0.7271742027486434
0.39046696513261564
0.7741027689501768
0.23749205277598184
0.4431745149214458
0.8491996814885635
0.7722418660589796
0.6487664353417378
0.3190835482241284
0.0617775676841541
0.4630921682913079
0.5234020569448837
0.9175806615770543
0.42154808486825407
0.8404134109124933
0.5631079987509797
0.8259552989181381
0.7483404067481508
0.8365908227336923
0.28212777402346234
0.3351876867508653
0.2313790613545929
0.4612646229868455
0.13102356279868924
0.6666783996588043
0.4338519019174765
0.29174159293279645
0.4833029394932053
0.34485849555387876
0.6614978736803152
0.6556013217319996
0.681833141300678
0.27411405693345997
0.48898085157346344
0.5271612543831911
0.12225169792961851
0.8658994777067182
0.2859907090835504
0.5231663829373996
0.5468302291105765
0.5422536347142363
0.45420754521143786
0.19040484266576185
0.7203695394807513
0.7701316356192144
0.7016868485287675
0.4926747268055488
0.6974324407906397
0.5629945680926807
0.4875927265859378
0.6022096548498157
0.22112180513348625
0.6239069495978457
0.2184938437655154
0.5605124619233209
0.40374655970763795
0.8950299984384212
0.4756652661025189
0.4781926321650285
0.4240369535441332
0.4127015431667312
0.6908585462216408
0.602844096711711
0.7504569424273448
0.7089705474644826
0.298748274887591
0.6297238515109457
0.7467937132153067
0.7566075353134445
0.39824492868359496
0.3007514817110249
0.16201734758329198
0.5629583631872374
0.42402331681890687
0.6320182366521174
0.7418802586186092
0.2181604290681812
0.1362663316890149
0.29151197767929965
0.8350682169258709
0.1308300257288633
0.6012948535565154
0.8092161263077962
0.7900944006948158
0.7198632043184016
0.4348898389682108
0.7080938496215038
0.7746811037307487
0.8133672997177496
0.7792874603525674
0.421218842231876
0.7601583284428267
0.8634346148938066
0.37939173602174503
0.5389401751646392
0.6090345574745628
0.5820652517603128
0.8279411735016107
0.6215055458737736
0.42701889654634123
0.32008100339606954
0.5651036648083265
0.5299704668900447
0.44304893972039294
0.8510074804381652
0.5911796200416514
0.7701968608778154
0.7444992762713857
0.5470551468131077
0.5887680565962412
0.5333611633851844
0.4171659815222816
0.2786257940330306
0.8396406496877681
0.7196242008644197
0.647660230594027
0.8720507236290683
0.8138327727370962
0.8537817225024462
0.2347134391363145
0.6099692882658092
0.6697556379624982
0.4486592961582993
0.43681409469783616
0.8381548734578603
0.8357971775460163
0.5551412364767532
0.7361167968980835
0.7297111125681133
0.5545010676436886
0.4302974783974717
0.6454750648073242
0.22164277902014223
0.24641635074291837
0.596437934594352
0.636392221271905
0.7570893648423961
0.8628994603818939
0.5976966207022594
0.7075983225874701
0.31969177035180163
0.7413235366128258
0.3845533510204275
0.7111725135975117
0.26755197298488714
0.43825623481494413
0.4544476552160915
0.18358782354256578
0.6649485692267934
0.6748189360726866
0.47279821693055935
0.6407583298090506
0.7507458034302216
0.5361927716993669
0.4555522613764069
0.751564704499575
0.27479729322007657
0.4898535777889865
0.44168818215590244
0.6603779328132806
0.31282909414234017
0.7376617143038339
0.7960177803094226
0.9319785664467894
0.4188644622355337
0.2156650058258972
0.7712743513232888
0.8916625763705491
0.7142410830992815
0.6912840049013196
0.5474206460323089
0.6073059250984891
0.41462862533777256
0.3540650380092198
0.17774381982893445
0.6018855534684308
0.17314148014689004
0.49301486769491215
0.7708191672010812
0.5265668166528059
0.8741853686772464
0.8568341191777668
0.08274025374152041
0.0803602193176489
0.7634382213622335
0.49440769946939445
0.4829367505728913
0.7701367896576269
0.6820571479795718
0.9054756389800539
0.6027337089170952
0.3597205005164002
0.4717941546807383
0.8285618549747863
0.3995285846570767
0.5020280697952773
0.7762195422945615
0.1829286521917304
0.3153542011367074
0.7454478913256339
0.5665601459520464
0.6063651715859203
0.45420971028501755
0.3291066035888159
0.2925168625010015
0.3597462429565114
0.4879609981254499
0.9320748438848414
0.2859158732676816
0.30688538640699936
0.6864241953133071
0.5834553841611752
0.1250115974575905
0.43282204381910727
0.7534575676264641
0.41670217989279906
0.231873364735521
0.3633085713173478
0.7902825012461865
0.7109547206172457
0.11311328950922155
0.52194367186352
0.7872443441885407
0.7545918444988966
0.4350980872376682
0.33897200009996864
0.7139619664318331
0.329176744982454
0.4737390515552192
0.7921330911208755
0.6693053563063968
0.5712786725300142
0.42683735167344944
0.8095033268362949
0.6199586962013063
0.6346793890858435
0.21103057298533512
0.8008503406068229
0.17051642650483123
0.377676542724082
0.730108566824197
0.7770689364232697
0.5078033692955032
0.21076112902417007
0.7837642085498984
0.21867161791600487
0.40853914574114863
0.31069083648317025
0.8713039905926961
0.6974616974085408
0.9125546183252033
0.27591640913876564
0.86545628451164
0.15672717689953503
0.6683764077934533
0.5122957616056286
0.850762542197301
0.42116627677617985
0.7097344939854724
0.08158469414527136
0.7023003317103251
0.6941100401951683
0.29836766569744333
0.2280600773655443
0.7998956743488556
0.8189609664251986
0.4160672475724021
0.9000777220128863
0.6048220774249369
0.4998091327248807
0.8446754328820967
0.40635918317673486
0.6134476563222214
0.34406028322186494
0.7217525754651161
0.8548683126553113
0.5231884388444598
0.5368193886772689
0.3367110048852576
0.5824861967904698
0.3790394922449865
0.7566075353134446
0.7656823140572968
0.544442680138192
0.6093432077960814
0.6671975387954892
0.8768987756886527
0.46107463126704346
0.5815122649725134
0.6744831364526283
0.5932803190331382
0.7020832486587878
0.6758642836289344
0.13846201474779132
0.7010377625634423
0.8431185394526616
0.7292644166431401
0.12298113793484816
0.4992372970718575
0.4380345089037079
0.6595986946550815
0.13817662420362542
0.333591785509994
0.4641318718734252
0.16312325594758303
0.9199943577817521
0.943561652078175
0.36406110217708476
0.6455182789256022
0.6481688373632422
0.6003881995867427
0.7063217595322782
0.7779165806483445
0.5285268226020938
0.8569197680660359
0.47011767136064464
0.610592210464798
0.33800178684877424
0.5980005333732719
0.2905135172213957
0.8456711737984414
0.5174921231460388
0.26666805639887003
0.4272551281250116
0.5696456480760517
0.9174440094389855
0.38907670974468334
0.7738136696068217
0.13420161730270794
0.5337937567218339
0.16167897017958202
0.3149358060217233
0.30216392760510746
0.5247596024450943
0.7022570770527076
0.7054378560394227
0.17953241079920895
0.7756606051190527
0.6445198442025135
0.8099299324343342
0.6044562804846021
0.8690224857937808
0.6271293958266645
0.12016711183059889
0.6409446951481902
0.6810160553682439
0.11830401171594437
0.575331294562004
0.38909872973076515
0.6233437485371598
0.6953259320452917
0.3222755688128318
0.6284825411286385
0.8037823536748497
0.6667550044651611
0.46147719674613374
0.7717315852186536
0.4930316660476467
0.5078858936412042
0.2343810859847203
0.6522374165262393
0.3228157277400834
0.7204411150733694
0.38937167549406
0.5437298414491718
0.48013920568939245
0.8454491463977081
0.8200427415066213
0.4122862045710721
0.7945165435270816
0.1485808678506479
0.4911400516217065
0.6515955611819376
0.13531016126168188
0.17818561981516842
0.6083775796008586
0.5104478472171875
0.6729861376849656
0.7635034419485416
0.19715582953557736
0.19472558411096075
0.38162155460273667
0.6910998050478282
0.647371686723116
0.8611023234416424
0.46705753005710143
0.7151851359321657
0.5421138701714474
0.2737605525431805
0.6559865123124172
0.2554038813343501
0.43401196066262876
0.7934306044561792
0.3535261193171478
0.342922234006219
0.20388555692255184
0.7279287985905154
0.7143376943267612
0.1720324035153324
0.5478084025168055
0.17875291230018361
0.5597858163398577
0.4434038273449929
0.7565531722850062
0.36411529191007674
0.38364254633958117
0.24769217350777215
0.2834351515911587
0.42110849391839655
0.8978377171413718
0.5249099708740352
0.8453977352973987
0.42602726743149005
0.8378568840424013
0.7189952136249158
0.44995421593380414
0.6508509739558498
0.5682731358867525
0.568615364772697
0.5581202060736187
0.332092530776387
0.8043866069610541
0.7931932183119261
0.3531491846718526
0.13055691977255895
0.4380770663104629
0.4740510468635484
0.37615394417556663
0.5874357785510929
0.2611018138091271
0.848688580154633
0.7306743538993096
0.47224988685153557
0.6729839988723162
0.13864200924650336
0.3978114321960764
0.3072981264120271
0.30027407874974954
0.5440882089483519
0.45571256067046906
0.6393472326823445
0.33141066048091605
0.3186447147321664
0.5360664809910703
0.7086515786788197
0.17484283726768585
0.7023031338710248
0.9282026113787057
0.3258985700023835
0.6458011732665346
0.6990716529872042
0.23960467206591377
0.2175582242321674
0.4452496123758852
0.7220708122211322
0.3223934773485323
0.39920909699383916
0.20139118532495864
0.5857953112142752
0.7463410682567924
0.41347982412448664
0.7640631890075894
0.6156576880145278
0.3823243307583427
0.5376283932430657
0.16497596359930747
0.2501887964989803
0.47610453571073197
0.12701770722589992
0.31240654181722083
0.3654446100893239
0.9263972983762622
0.36071109432570586
0.3997016618300163
0.4642582028842914
0.8029666023806075
0.7646864099080527
0.6207779602590318
0.31521545847814614
0.2876506560918982
0.35723238014542397
0.7282627404856071
0.7048492996861304
0.8845014417597967
0.32975427983127753
0.517494820389469
0.7970575262101951
0.5862826595903419
0.453703151175856
0.4587223950597825
0.3286638627757491
0.2905135172213957
0.7793429789294356
0.593567326817023
0.2522575669301413
0.6381343010868752
0.13864200924650336
0.7570984427769313
0.18677421628837398
0.6758501023232386
0.816228275787147
0.5518000610267588
0.5272197695252974
0.7934306044561792
0.5297947332618307
0.42202087589840787
0.47581726680975767
0.5377809385769012
0.43181308301105664
0.7821595852918896
0.6084566958233668
0.5508872996549724
0.7987872540123456
0.7644260889130768
0.6125679121077819
0.9024011788230036
0.8976768023771928
0.5202491297515932
0.7427773716229303
0.7787524387221988
0.7800780500544121
0.4208492786679061
0.5688163303390232
0.7699201722589412
0.3565148388825966
0.6363117048375555
0.45080336964507456
0.2950620028513363
0.6459639705772361
0.847263134067505
0.8407002007894229
0.2147640130860703
0.4570390408286664
0.8129483457453871
0.8030034195750227
0.7616850669119535
0.47094034885624686
0.690856862338789
0.41953699126424354
0.2587948158744877
0.3920441719252074
0.8774191296857143
0.49104830609944344
0.8002952091538276
0.8430957323033695
0.28227191103799487
0.3150881997624144
0.3749248093057486
0.4788252945917094
0.5589292224981608
0.6615835952532962
0.37466940204266513
0.717256925845814
0.8397045852204362
0.5563386496860048
0.277888386514782
0.8523852158126104
0.7383700636410149
0.4896051442048884
0.4393853751602427
0.2865112084233336
0.6853324996019287
0.8628152727081189
0.5243497968263563
0.8916625763705491
0.8315461595046354
0.8732630391618447
0.15743309652429802
0.6403023974660095
0.8609645650254496
0.5388476814266943
0.3397531399927985
0.11216573373423834
0.6527624290153714
0.4321764011262636
0.44223035805794536
0.4855060262842481
0.7058800801845875
0.4536370089008154
0.32194049812147385
0.6533054208065538
0.620691623832273
0.8387993104416385
0.5428538918116671
0.6744075149030992
0.8160267297592243
0.5703702664392306
0.23475831087354307
0.6145948782980581
0.2508409401311063
0.26748446995985603
0.7219532661119418
0.6567144765247241
0.4238684799560729
0.3603149873649232
0.11309971927981811
0.5963976620500858
0.2974383474734961
0.7837665434573169
0.8575203282282716
0.7108504106737669
0.8682317245312625
0.843379654766261
0.9337487668200648
0.5609294065686037
0.5650896897199816
0.6760451905905173
0.2803491456145408
0.39265259804715097
0.4262372677718314
0.17061860510096793
0.4796618558103892
0.16124651154663286
0.5783450033660473
0.4961850295809176
0.5643970875442871
0.628150980193707
0.3599970745411404
0.7249733390885856
0.35499308226623916
0.20280384021738426
0.22384670301240778
0.7914604826930797
0.2541564029332689
0.8227387002038262
0.7668666658092327
0.6151298723456536
0.47502311104333234
0.7038423714961264
0.9013809061424548
0.41534606558879955
0.21996429742098775
0.894310485906017
0.7648487509526211
0.5507798969033316
0.8058230026932369
0.7641089444768749
0.1167028376077321
0.6665783557515723
0.7528047605394413
0.5079046832227031
0.5158656712904736
0.5247126432042575
0.849313272672271
0.622085663270515
0.3178063201926319
0.16396209630184067
0.29679906158673763
0.4712474938769975
0.2657640717016524
0.6693573609441745
0.12279157864744386
0.5384269550801156
0.6049814412821077
0.9004894237776683
0.3286353028254684
0.7007563693961013
0.582529026735606
0.6609911066113802
0.12481358377555049
0.7740180493033495
0.3022057596453973
0.16558728907238093
0.6910881857595321
0.40123508240544487
0.4822071137932074
0.33905651100645945
0.5595261403692913
0.7940364859572674
0.6049307316476092
0.21385299673097855
0.5705286690219756
0.3664075160865839
0.5678905401306128
0.781770619234505
0.44799654610366857
0.2767484405432628
0.7699358717393431
0.8650785670745111
0.2157337639079246
0.382671307476863
0.44220461751396545
0.9209618124359292
0.7110995904931053
0.425367432970695
0.8048015544422163
0.3815660246874141
0.42941081514472407
0.7898614611351714
0.2858956989495605
0.5042975493764903
0.677553614623556
0.28262686972680356
0.2120020220041026
0.6157101571140396
0.5941644558027582
0.4018094047942956
0.22101054349542645
0.5933091693559088
0.20540051795266526
0.4078302856686233
0.719049344653028
0.15078631570958653
0.6390297074703998
0.36414315506428824
0.11211232226607262
0.3721825605434052
0.5883241689345615
0.9289011698687613
0.3393324862880639
0.23864844523164613
0.7452444633155398
0.7661619900661397
0.16407345205445537
0.7209216135935129
0.6644330211941886
0.7503306078522455
0.5571887809063459
0.4297996651437399
0.6674661162776244
0.4956371493866934
0.7317245662143945
0.7425817372100055
0.43441690607245703
0.6632316056871502
0.7155386682987598
0.7651037328990093
0.790142706205265
0.7807207571698229
0.8637083614889303
0.6712071698838875
0.24835564670679386
0.6246783036501333
0.25493982803068416
0.7868258302498365
0.779314544892328
0.5795461150793918
0.5034301777775688
0.6266544173923947
0.6695546431170321
0.39296620956339656
0.7190211914283217
0.32705210876832114
0.2019235871676782
0.4991466854290358
0.3597336425312705
0.8419754979321638
0.5155472998516971
0.2778110511585309
0.5727728011473923
0.41518945588842165
0.36948077994942097
0.5866020161200928
0.5269209766517361
0.20183856375314888
0.7648591116533635
0.5779786843195708
0.5008081303828017
0.7102255487522651
0.3450397760958471
0.3438530046618126
0.833292970485736
0.6158354822581016
0.40126631093777465
0.4188016646897502
0.7884696736211678
0.820076123498672
0.572884534918255
0.43411193294811495
0.44454747861912836
0.7193382985862019
0.1855710456271341
0.4759263708153041
0.6290616320920923
0.7898180041692078
0.7189266945110758
0.7530950120484232
0.3120305770267872
0.5488368648635369
0.168185172828443
0.3707491002470878
0.7299934490502377
0.5969056656123293
0.27051831678871413
0.6301598365755213
0.4902489632467309
0.16696192604606166
0.8422591088263536
0.2963294635330172
0.4925786582052565
0.5399318433802155
0.36865661981599
0.3107348553342139
0.7733216862177176
0.7909721235325046
0.671190842799816
0.15367292039305483
0.462175933947803
0.7435449141622722
0.45715010078032
0.9270030653528921
0.20745208237792043
0.7443367708712558
0.5820809418384204
0.31636565788609355
0.40859232586695887
0.21076892537070235
0.8273058286442557
0.5525997272435273
0.6488401586354094
0.23588696904883888
0.5478084025168055
0.5259040031785337
0.8118669899330224
0.6252064546506199
0.21839510639210424
0.6684763996812468
0.5208394249563902
0.8747628562053419
0.30518225160720924
0.8015990234858295
0.6567661071303037
0.350794917679856
0.5552375657380716
0.7063273903971338
0.184349996126802
0.664453103755698
0.897870590349763
0.8566334586066509
0.7703019305519532
0.377767742444208
0.5802395998386797
0.29996727576317955
0.9426204960415414
0.26581011117194614
0.47308331873518256
0.605318131754512
0.5544384632338843
0.890085179122393
0.38331323616439134
0.7229013783483678
0.8797048886130959
0.4881118359568599
0.3746605730964665
0.5515676116355559
0.242777448362235
0.8501219952506598
0.19468544876809682
0.423723936567121
0.6491908315098135
0.3849213467678228
0.7357045480052737
0.837909111925515
0.6400207619506886
0.5158861986998126
0.1471393881614782
0.472117749972969
0.3092499019133638
0.6639928838160024
0.8234655211548892
0.22201055054879518
0.7604495019716597
0.10922924024811063
0.43448012274752706
0.7388336737448196
0.5966147766525979
0.5094991454842366
0.6623100219440301
0.543949351717674
0.5219865131618696
0.8500618408554408
0.14962184834826928
0.4004138284232781
0.40302612041516195
0.4644959450358903
0.31134681357129257
0.3915445930686056
0.677220099024847
0.7450528758431938
0.2089105427041009
0.5990653598716216
0.27798599069253244
0.750456942427345
0.4196133288047022
0.4326005109656106
0.7532685302548942
0.5902476191292273
0.4611371901381619
0.7751556865587658
0.24917201218155893
0.1583231547402992
0.13677653306051604
0.2832681588973152
0.28958751689210954
0.4568737740817848
0.5557356833423114
0.18057811198846072
0.22753059321553823
0.8080894758026138
0.3615620401728743
0.5982812985079218
0.37123563603452325
0.5921388080405836
0.2024157003677678
0.22690093445323684
0.8558781150191902
0.5453211132657702
0.8107663141472443
0.33248956443735705
0.5861477799139838
0.641334167616546
0.7511373800792878
0.5043425942537759
0.4305207108758165
0.16730862554911818
0.5885631361787045
0.513241745708139
0.2610101692866102
0.5395945210941852
0.2006422851166377
0.5101955357717703
0.08234595295035457
0.759956426965047
0.44809906932353505
0.7415665700950095
0.5116743785245412
0.6271093900704195
0.6912430785021518
0.44381963933965685
0.5559660055914256
0.37208888490329456
0.15112771459749727
0.4604535765858055
0.788456457048454
0.7695428057571624
0.7626383948596971
0.7204411150733694
0.8570881305097007
0.6199468139432335
0.5830573369018872
0.5355145793042736
0.6774638847203444
0.23482005620477706
0.6248168357115225
0.8953232993923187
0.36195779715138415
0.7389585225483079
0.4720571312879611
0.45132119845462726
0.19936972962746355
0.6305486679788518
0.3847074823029662
0.8105594410935348
0.8501495344805757
0.617095874570268
0.6486952297833058
0.9166818923583416
0.3742025203350148
0.21642232127968852
0.5576101203575965
0.7834872694955973
0.7511892668314094
0.6247612504518052
0.3337106631878728
0.4378179377823646
0.6344320951328506
0.8106151771555724
0.3639943779077519
0.7725547993546817
0.5452880881496461
0.489516831249958
0.5769654909042569
0.4229679205294852
0.548958245194495
0.3530626676440954
0.8397045852204362
0.15190831410375102
0.16069922769629763
0.7779304143197677
0.6499644769608773
0.44900415391633863
0.7393501598841752
0.8267056551474623
0.5534029721665897
0.45953468002965364
0.1761677404093032
0.3853459256598518
0.6683276477155539
0.8236964172485457
0.18814146257613895
0.28801127542082045
0.6277677315235644
0.7268316169994925
0.7725013444833925
0.8071294859082639
0.16680381887215334
0.7732668876195932
0.33336652448220305
0.48612811992566723
0.44058302733054133
0.6044471286887814
0.38429494958913923
0.5080064690356558
0.1163512941453982
0.6521635406504916
0.4549086098116903
0.4092443811074939
0.47659423739416745
0.45581049643913124
0.5360998060974376
0.4285649872854407
0.39980577232169434
0.24982412701984563
0.4447353966124576
0.7192474531435145
0.5084407261904906
0.5863332009975161
0.6516773232982483
0.4915214767231505
0.5753884913287962
0.5870178867639408
0.6381066870349801
0.5627004369285981
0.17889723639135952
0.5260337921924296
0.2612012826225725
0.6786530292450134
0.731570711379393
0.5091031442599504
0.2661059538834608
0.19387551480322657
0.5408242654045835
0.519631127111736
0.18954009237656577
0.30791925282289934
0.4221119412306732
0.7215714922195942
0.8711712398062754
0.6664842250996909
0.8574881466964973
0.8390614836436112
0.3888527529556776
0.7282419539855566
0.45220722581084183
0.6502268523223173
0.3132822872107947
0.9322414593047503
0.6027337089170952
0.3951655626471617
0.548128232219454
0.40843733801613086
0.7910636322215642
0.23467793741920162
0.44058584658839817
0.8008548521402314
0.6149915768449364
0.6593174047026383
0.33163750345902315
0.5508522746337249
0.16893327343046896
0.26462201976208266
0.4654782037910133
0.8403327982575985
0.3651289112354893
0.271720003433732
0.5759769769071577
0.8121573383736612
0.3681596035388442
0.5926663944200089
0.13945595670137884
0.2235351060347828
0.8876144729971507
0.4090976879154533
0.7332663851356491
0.23980715342725964
0.47963275588065174
0.6387729880388078
0.3968014197980884
0.2634905007005043
0.8025681985342885
0.10669374082600695
0.145772170011679
0.5561462302314248
0.6605782899179002
0.797177646754035
0.22902559902430863
0.8304998258221915
0.781365575276219
0.8212332631999643
0.49925642810852844
0.827442441484341
0.6359152074714987
0.15640415625843077
0.7700081397119082
0.5016743878316133
0.22476888803976597
0.8991499610592385
0.9285148671850714
0.6738857114330264
0.6122030668221601
0.8756244084308736
0.7536455195807963
0.6135973100315936
0.5465089503249579
0.7424564415708159
0.1397471223935525
0.7642537438891219
0.6266237918503811
0.9256540058727769
0.6883821118316122
0.6086680447031334
0.7227819383816178
0.5937141187590075
0.6721650076375629
0.24718226863782072
0.711749581505084
0.836844290428589
0.17079965219107388
0.4898535777889865
0.7231822775076011
0.5072699165477565
0.7850024713344479
0.7248495646864455
0.6237406193467138
0.6853324996019287
0.8387973345683731
0.3537882671146194
0.13916634293806213
0.30234533047994716
0.42641683838288447
0.4912013461425367
0.30644440741941187
0.6283053651149826
0.5408497214936977
0.674549179229442
0.16334738087346715
0.34747798302796945
0.5585979107697455
0.2330194902167452
0.5227427798975344
0.3109999589285398
0.39685004670510804
0.6590722458113683
0.9203389197516153
0.23147910510426706
0.7310147139750356
0.46677072711179196
0.22310154412316816
0.8738659156645585
0.6900821726528815
0.5103300663385598
0.7054231993014144
0.17602834221575298
0.7614170962676615
0.7766096396474405
0.1247845052998581
0.6092263333545361
0.5744115843466209
0.8869951805815601
0.6776087789191966
0.5958303863877225
0.634085663994208
0.8319337104052998
0.6302270376007303
0.13813598845141445
0.15467433348252432
0.6669534638818729
0.613070772343543
0.5348597854013816
0.3228226049954891
0.5895424975942635
0.4171120848319409
0.2414120352781444
0.8212946229957964
0.12578070325413138
0.6769637484899407
0.7012368757471431
0.9158155935114475
0.4807621657292762
0.5407455295490737
0.7143367841738236
0.8933586686898877
0.42512162835313394
0.490656914569484
0.8382200395273272
0.563161225239701
0.2834460456420071
0.2559210663253316
0.4908873372532667
0.6699604321599039
0.3849747874614186
0.6084745893988005
0.6044672834638046
0.14669522155825107
0.4850160394735501
0.5836946752876774
0.7048492996861304
0.38539564576698804
0.16693869773456071
0.4572790231548856
0.32302249281745204
0.7047768407770221
0.6550024900932175
0.43410098343755554
0.4524269083812784
0.49516776478752744
0.7908667968852718
0.6710835397687167
0.41221264333733926
0.7461873844845558
0.3196096129177664
0.21476233368153125
0.35018498544523274
0.3165888772084434
0.7799429855674329
0.3123067378228401
0.661119789173675
0.4802166460921827
0.21669830923662692
0.5769760213225359
0.8855006117812861
0.5090105266402529
0.5330090945767063
0.3375126009425877
0.2541348742794837
0.9252484968152219
0.6321540040131118
0.4001807848673399
0.4355826168055856
0.26003322691681985
0.41079293353910196
0.599592638158717
0.8167564035528452
0.6667641472571721
0.49840156496702237
0.3299977252219935
0.5671959571269986
0.37062785019641675
0.8136276492494422
0.29104691975630137
0.5708470930252459
0.5124835768518223
0.8134840341625905
0.28958751689210954
0.9286318289137083
0.3133525618549188
0.33311084736548124
0.8317789805828953
0.8414031205413477
0.8056499441351482
0.5061834138285034
0.12989336341272428
0.4820236453937839
0.6481338576664353
0.8045217877008689
0.36053717804551605
0.6857123817865203
0.6415327699548699
0.6960124222003669
0.6205538061000853
0.4907507914368515
0.42782413688244514
0.25478989251169
0.4665102307045538
0.8304998258221915
0.514671243441822
0.5397986264761059
0.7136866625415709
0.472727022726584
0.726851242381925
0.31218872363682465
0.3228226049954891
0.5010018972690718
0.3019135180344704
0.8330257386570176
0.5240328623244349
0.5859078231640656
0.3123775672234534
0.2447612418300146
0.4090918739075713
0.5648997315887466
0.5360998060974376
0.6319610950191433
0.7649234227968087
0.5486621838971509
0.7304777701202716
0.6202032262373093
0.29398420016320737
0.43647596583775794
0.5279942198637646
0.4729563806878333
0.2630357758827652
0.2536852657276993
0.7370085234154903
0.654866194611081
0.7716242779607945
0.6048748603157239
0.4208492786679061
0.24889116276224107
0.8951717182005432
0.4331576848902938
0.9198136593717334
0.7842351300134126
0.5608460267073104
0.3691912699631442
0.24834477289161058
0.10492382501147543
0.8219479474424511
0.4796185374016073
0.15436447642683612
0.7486730091644068
0.32154422942107463
0.799369497047594
0.8367992591943029
0.18168606175331398
0.2540833216466874
0.6562784888645611
0.5814122309002738
0.8564313760299568
0.599592638158717
0.3753717099863622
0.7285648795136999
0.503925762586068
0.2583817375709702
0.36019758930875334
0.18034491245109624
0.35514384433140583
0.5627649288941018
0.4523670442402221
0.626496995948543
0.7253913358486964
0.7314199089324774
0.6996009361644934
0.5294988374018486
0.34723642006653554
0.6389742066144505
0.4235787457736959
0.5230936709914022
0.8066873250493874
0.577225086025546
0.5928953582840508
0.27760245562532054
0.6535028827335904
0.4278986976992268
0.26481964438035394
0.5658049085013889
0.6701754786264253
0.5657864270651468
0.28044825521650396
0.3812101299744661
0.3930371486258585
0.4723790944188756
0.4851384161603745
0.2407570965357976
0.689414959870477
0.6093432077960813
0.8451572117280408
0.770708256156071
0.7421868077087705
0.8178088596590611
0.3694286474079609
0.36676292267563004
0.2506865024297068
0.31320019611262306
0.3737852998556666
0.45440933047604354
0.7167036915384697
0.645632583096578
0.7416314955379487
0.4258159066639327
0.8740491493109203
0.5339389565077436
0.6582240700444841
0.3003936496537718
0.7011117773701262
0.574828939203261
0.8658994777067182
0.45420556940724943
0.6923489473768445
0.6265065070525219
0.8020212851930715
0.4332746110831446
0.542135051843058
0.7065830383673575
0.5178965474556664
0.4677243483646195
0.8265299891141542
0.8460571515321668
0.4362210014319361
0.8533631019243878
0.12097322230521891
0.8549088770243818
0.12745511190396122
0.34983185123841054
0.13837502846166483
0.33725305606337486
0.6439685186348844
0.6784217096280611
0.5534864136582588
0.2619796126237898
0.8973751393356694
0.8273824403540354
0.6634158331414916
0.5875980319482028
0.7134458403047357
0.7845874517784884
0.1688646770201224
0.3266659045868825
0.8717460082710002
0.8352899700991068
0.7029925719465886
0.3581188210045773
0.16693424391424466
0.4097070651790338
0.4605847669956709
0.7586849706963474
0.6300506778338861
0.18579558088569254
0.7550150208390233
0.8873749566695279
0.5989653121631774
0.184349996126802
0.5005201371505865
0.4286874193788246
0.7209306269441559
0.8340800112052857
0.42641683838288463
0.41669876284808466
0.9371202634130928
0.8347747105043262
0.20159156975397177
0.23221095303145603
0.39533856037328624
0.2813213193250082
0.737028834096498
0.7737358060997366
0.6774201070811711
0.4421518762205276
0.831250836091229
0.47794422177060586
0.668830883159757
0.9045593494226213
0.8382073576976825
0.4472867203176886
0.4034118921679557
0.8067594843813618
0.45219653766866164
0.23091185281636692
0.6394007680020106
0.48472046895590354
0.3983353980265922
0.7074758715658
0.46841489854182655
0.718727908105038
0.1578790742413109
0.7129894342224201
0.2892466235474592
0.8205846918281969
0.5751685696166222
0.6114994220970208
0.6736010424084892
0.689914788672725
0.5043541872520136
0.7846223549984029
0.8735622449909001
0.5664096588029213
0.2936685267665099
0.1255272438686965
0.7801087715257169
0.19251224886684476
0.35693239593680154
0.47497522007041715
0.494850721704817
0.5221103211842842
0.384714778477102
0.40517605834152826
0.7884696736211678
0.8066572418332083
0.16513855709883854
0.7684752098412941
0.3825311930907622
0.46666196556586953
0.6651632735211552
0.6648678213456932
0.4568197470494644
0.40681148685182833
0.589756032908358
0.48062948256880883
0.6037146586442657
0.5429566068296054
0.9050340386306996
0.5326084715000603
0.19338896159794053
0.5577760468954573
0.4556493532268348
0.72045735994445
0.2195290090856113
0.5483566507748862
0.359013480937009
0.16149142194179486
0.35585963029458206
0.6625788865262564
0.8011253610885622
0.1056149775553917
0.5573530816484146
0.786500781112384
0.8460571515321668
0.7285262186382403
0.7316663206914135
0.1368904665567897
0.4498658208003778
0.43437434852403944
0.42561218821370794
0.45807087925215156
0.35416624116504747
0.7924440145331527
0.7457232854018017
0.4980792823427786
0.5342807167328786
0.5935220881932982
0.5572004385223909
0.47076935137143355
0.6029988013056816
0.6020039987517555
0.18237265927370885
0.8023574664409983
0.8422329100941897
0.6883885514341174
0.5762482988907424
0.7998067920966045
0.8457225704044687
0.9155318797028051
0.4752317277400375
0.7737096114342753
0.26266966442015666
0.43946836891756347
0.5247565558589763
0.6245315410701106
0.7141349912048319
0.8224621938468117
0.7571594073579323
0.16407733374705738
0.4738486547653865
0.8299261034902619
0.8124949564401601
0.8671622354744282
0.46093699388710124
0.4740510468635484
0.5713880371117135
0.8091890364707238
0.11433977133828356
0.546128017097332
0.6509531646470726
0.3664731547765864
0.6566745133448426
0.14327583652639303
0.7580154762059943
0.5826284994300935
0.2499602931490246
0.8588945963279381
0.3409233732186401
0.7759343609942188
0.7371103947436004
0.5504944510579858
0.14955155976380133
0.36973078419949873
0.4999972744629285
0.5004251334010528
0.9298299016894767
0.09614138407675046
0.3505782665100628
0.7554911537338135
0.2865112084233336
0.7307669621094659
0.3752192801027817
0.7178115600954725
0.6144831067105035
0.45177433207909096
0.6445500128553615
0.9039131163633206
0.6335089293316849
0.5616689995222274
0.20729621500804554
0.86227372148934
0.7293405998587341
0.4772367081493333
0.3575820386562347
0.3012854749288412
0.21146309574391817
0.21641885086969723
0.5079029372881733
0.7094177971595385
0.5809864923377143
0.7938105544178983
0.8190569634582631
0.32302249281745204
0.4762481590332278
0.24594140657270297
0.805934957411912
0.7374773621248578
0.6748489427300954
0.5621397181556712
0.5502107613060984
0.42926402375530526
0.3627707791990266
0.48120304620749155
0.24798078827640066
0.4941640624019355
0.7294693360779987
0.45343257037297857
0.622960367931201
0.6800163185910917
0.6110482403354394
0.7103446144900423
0.9153724409812786
0.5898341408820634
0.844490329505802
0.4792455602403032
0.49237255015854103
0.374006868483212
0.6873693211560019
0.5395317753071596
0.20647993865809408
0.724091622809639
0.8491303945041612
0.15582523850923155
0.5258605028825222
0.7436898692932136
0.2986432556052136
0.551592690999553
0.8288861001656159
0.5382518661684049
0.6061525901654122
0.12084247705950085
0.6621365282509862
0.4960750495959594
0.6645202626903786
0.8353682334634976
0.6717898755711957
0.3566595773130246
0.9250147028932018
0.4456785052215659
0.4130436411810066
0.6735406079778025
0.77169558034787
0.6138076371188955
0.6704657716212274
0.6812616875252013
0.11045979594988901
0.8754001330675496
0.305658902725779
0.341315383151043
0.6421907842245015
0.6393489763060416
0.7395045053205315
0.534931953787819
0.712229150122629
0.3753717099863622
0.6683807691446059
0.834464759734252
0.40292997358555704
0.7714591329882368
0.4301316455445446
0.2591275418886266
0.576411652753226
0.47962374865345675
0.17724189461740128
0.2830715912004487
0.39623591169246203
0.4816430200790537
0.6120802408785363
0.3127325746890356
0.5455045236550637
0.44057005249003045
0.6954936364790264
0.5079653446325036
0.37149685288901807
0.2690068664056084
0.34725919408001127
0.9125546183252035
0.6037644532013058
0.42110849391839655
0.21103543547669243
0.438910399083641
0.44433801306465576
0.49118210760964764
0.2499602931490246
0.256205997583526
0.3466060155281303
0.18944518298859617
0.2521537455968462
0.47190815862553487
0.5621562001287898
0.4838522604554835
0.44809906932353505
0.6083034938365792
0.4844515902988329
0.6336012216061375
0.5064340779467364
0.6326173123272912
0.1838721090852447
0.583749195525274
0.24619937215777793
0.5918894597913329
0.5859728148563135
0.3237913472765632
0.5517571687035796
0.48021960521768964
0.5075341262056755
0.45479409973752716
0.6021525038263081
0.6283327254560438
0.280720559210617
0.5730164900552507
0.6386810641815649
0.2508972393486781
0.3542896298996627
0.8998066170332153
0.4018067531001779
0.1745145917221127
0.7588449453022343
0.29162438287844217
0.6315076217522135
0.1599174069828195
0.6394835365824362
0.3055426672451079
0.6321270002724754
0.4676758604331465
0.8555760732100862
0.6619338655322056
0.11871571930491355
0.3842335733029006
0.6768199613363209
0.7960532172712088
0.6838689466457535
0.11599821006532675
0.6541512837352519
0.49279985403485016
0.29897385505433793
0.7648847585117368
0.27964592241493086
0.55498749059071
0.5230642284711052
0.83404316449552
0.5560709105208164
0.4866678312023731
0.663357445923307
0.44271613922635344
0.6244564633118008
0.6570143281502385
0.6552028328882964
0.4963365901344804
0.1315231223967228
0.6663497937164322
0.8492895059816922
0.5952509270444638
0.24653810914944457
0.5730064293561822
0.925525792200866
0.47553908221618385
0.564462626345235
0.47627929296914945
0.4287729954985078
0.20218870118317758
0.8322865659195064
0.940978980020542
0.843379654766261
0.6603907316457598
0.5443653066457643
0.6355727436786688
0.5550889303985221
0.7553132638196114
0.4134965834630132
0.5134896376207729
0.5089840062674783
0.8169715446227644
0.7304604961690542
0.5165899989141726
0.373545012239162
0.6409642724312015
0.5803794835849294
0.08450034377564414
0.5461622343261
0.35862152455825475
0.7896261509514155
0.7455353627801103
0.5173304861384757
0.54459081338599
0.46267246921754035
0.6481286492629289
0.8754708339484264
0.4879665413875149
0.8653640813257669
0.7836773746201544
0.5134351555832329
0.309371155894919
0.8308193677454189
0.30227832806456517
0.4016310729100391
0.5782463561657283
0.18170544293077445
0.27483990065143665
0.5306677038844614
0.6898884318186409
0.5391380050906859
0.6950677622576688
0.6162957073979054
0.7943566456422184
0.49311126437930264
0.43870227375681037
0.40142210509297804
0.5727392236348159
0.4889621328052847
0.42213472853776685
0.7304741583137304
0.5604780091718617
0.36676292267563004
0.5344059030272718
0.6493383563600255
0.27666067526540133
0.8966293595421105
0.8655733909552163
0.43764324887027617
0.541891900436949
0.3098425922449657
0.515044690779694
0.5048836711696965
0.289907475239087
0.8007971819155509
0.30932440152741214
0.13039749352973304
0.9111716481580393
0.7733970026691339
0.8951762973072
0.691508909609
0.7095996260167096
0.6764103825196139
0.5549085632488792
0.25378412566239655
0.8655733909552163
0.5191960389911864
0.7254206185596999
0.797460493092606
0.6723671396698223
0.21339725404525894
0.5716603460548558
0.6567469716538893
0.1379177626472769
0.31226627974508164
0.459340766318983
0.21850413625251172
0.7079588390076278
0.8574925470461733
0.3480835963797018
0.2338753992807258
0.7224662462882114
0.6204920525732577
0.7265292847159149
0.23655516374920404
0.8036935484008334
0.4932985157341578
0.4915214767231505
0.6932303314461019
0.6857123817865203
0.1648741583152372
0.24229905935163787
0.2722337206051423
0.5760786774472394
0.19792278612445258
0.5527849316720999
0.2497369220348452
0.3434362494764603
0.7949922724971568
0.3720959566824258
0.7205368694255337
0.4349471890711409
0.45472176281515564
0.6503477670433069
0.4626420204977551
0.37298895285466305
0.31790334603427556
0.43415688819207954
0.3012065334306917
0.5989515798881002
0.23012189258552876
0.4484631717189613
0.8714348380140259
0.363295001762282
0.4271892926718488
0.2712724199128662
0.34863433663050225
0.2052277180099812
0.5817654829106046
0.6723363141476963
0.1768822380376059
0.31478713330357483
0.8816376592417442
0.814108399798163
0.36209385850665526
0.9095569967719803
0.39225834906125145
0.21867161791600487
0.5875733867425086
0.710828466884761
0.523940201671264
0.26125532251306155
0.2791315202523682
0.477156219533737
0.8682459401407956
0.23017973374752007
0.9378977407589241
0.2712479735814728
0.36349158529326375
0.47910075386994616
0.4017574938836793
0.48548032398806723
0.23325814411644816
0.43234122105426714
0.7788356685136849
0.7761765591624271
0.3431480713793861
0.6655676907772858
0.7903147795075274
0.17619934470858487
0.3034115550229525
0.42082443878656756
0.5148970266651113
0.8383456002459684
0.7075768158644138
0.6563542903645698
0.3754982100080471
0.6335926558526718
0.2419840346653609
0.6690093487111501
0.46574461631150516
0.5397149913920215
0.7917536325019497
0.8023664299323318
0.520465214989042
0.2837965811223129
0.22611598097568064
0.4214312698581438
0.40207921512909867
0.18566103134833237
0.5180428895462342
0.4341870957601235
0.5576767431108337
0.3792705951775258
0.8348190791602803
0.6247907316019835
0.6820459176290782
0.7336649047623729
0.23185715379557217
0.3434487823859
0.6010558338045906
0.6285855245945482
0.749169092946816
0.8289227741611178
0.6355780704579255
0.5440501034986818
0.8435989397562529
0.5073542393362392
0.7478272439000351
0.14843798668648397
0.4802155129424975
0.18857333917079083
0.907923751272316
0.43905245567416273
0.45346008728866305
0.376059089367539
0.6241220071413501
0.5376269504956254
0.18504881516594437
0.49829134342446163
0.36291883155611293
0.3151310349500668
0.3314510042906964
0.7009878876250726
0.6472260884644168
0.8550306192846494
0.2861380901759165
0.6431964111903684
0.754995120367302
0.5745799612589954
0.6517463863696308
0.8289227741611177
0.7937681530305417
0.12417497613914132
0.4162889678679231
0.10213950382634059
0.6957486860048827
0.2252332926428894
0.30896525034204814
0.8083591271351757
0.8879443026129552
0.487025781246329
0.5977610182758757
0.6188978076299123
0.25063389250913354
0.621210356695712
0.4462938731620691
0.09719310451452019
0.5866135706394796
0.24335741409174005
0.48105862172327424
0.4564772907118621
0.678500535853456
0.14234417030066238
0.3801108841660435
0.4275132790587081
0.4723790944188756
0.5961758933925473
0.45431394361654637
0.6358257560483799
0.7102119092091735
0.37400686848321196
0.6649014226308354
0.6003600330226956
0.7585782555401582
0.25287787750438695
0.43442468066675277
0.7796409512169118
0.6094039517306785
0.7890445729591667
0.7738589845986054
0.8007378314999202
0.4509635844742627
0.5885273766337812
0.17671412346755896
0.6688462516279126
0.4564123926332456
0.3699834267228363
0.5287434574055737
0.7768754959953923
0.3772331213802437
0.6389973735611304
0.38560050828605835
0.7984627201721294
0.918450418333095
0.243968061129995
0.8034153415239045
0.6855385123694347
0.30045045702443496
0.839412902399556
0.8865092897093181
0.34590673503262365
0.25108409813516896
0.6017138208703527
0.664582374026998
0.43028495419181045
0.8017710042126326
0.7032128269180433
0.33456209315184593
0.38535275319488554
0.6093668232613318
0.5496873093918354
0.5809897240925712
0.5718356319778306
0.5230565570576484
0.3452587074982446
0.6664692155849942
0.8893040483614062
0.6981852527292842
0.6818204258939392
0.19601263449943798
0.8029192907803595
0.48839544747133107
0.8669690047141893
0.17164292392850913
0.6425632207532721
0.7846707000171793
0.47614807407103205
0.447862809832028
0.8150393558781031
0.6869383976429048
0.5205321505290917
0.2599293751242717
0.7973868396996082
0.8090794385683211
0.3711013493489171
0.630735665404203
0.7256311185558572
0.4003842228456691
0.5902727855452365
0.19648545160759476
0.5015008095733775
0.12392996873462764
0.7943566456422184
0.62332503944094
0.6401525610928294
0.5335817334694255
0.5976660167963216
0.8733488129531706
0.8041442472012243
0.8986012114763483
0.43996847558238633
0.7729087790647444
0.6501615214622708
0.2524854913654273
0.5716603460548558
0.7601052699537221
0.5149093004662723
0.5749364804540302
0.7353049546930794
0.6038997309418315
0.3112189957131321
0.3014975684275739
0.8916625763705491
0.604677832785797
0.3427802481064406
0.2887366665089025
0.6700476087018034
0.48045407506667054
0.7566993155874117
0.4095769019253812
0.5896180038992477
0.19766726784122912
0.5179436929514251
0.6718077589728401
0.4640808823008599
0.34126681811171755
0.8138566951908849
0.6298842035758566
0.4820376291774616
0.6881109093159754
0.4822071137932074
0.1780438486750495
0.30528687259091747
0.147835673608001
0.5338694059286
0.6196564495621472
0.08453256556894899
0.5980653492791058
0.4232403931185022
0.5798033845505879
0.6196035882111672
0.21674157709134062
0.36148819360870793
0.36025981079290026
0.4310604790233932
0.74384656995428
0.8963801073700193
0.281696777419131
0.5032012633440148
0.8509591989889569
0.764846756359043
0.6349750624225111
0.43692332521412486
0.32148106748162253
0.2780132746079861
0.5829490796904782
0.618079381731607
0.8690230556759231
0.7423152356535452
0.1937704316027797
0.6103396058711906
0.5205501035822382
0.8954353478029985
0.5155692586951054
0.4664475654857724
0.5801828668677506
0.6454721360819874
0.5312691974007032
0.6621365282509862
0.833181714558534
0.8499211943877525
0.4347995069315368
0.3329859712571133
0.30587208532767884
0.5053683515229349
0.8610307658509354
0.6409957183053879
0.745301308307307
0.44119639548590084
0.7637205524646586
0.44802294986607233
0.40905583461501865
0.41466342755918756
0.522291045770654
0.5381947042705062
0.7851444781796664
0.5754182411987775
0.7791600213398057
0.6054104180447422
0.6339233897572543
0.3968198753081676
0.761221246318212
0.8043102446550874
0.40914115301687853
0.27820422490515045
0.17712688998739823
0.30591676023629055
0.36097798444079215
0.6934735674155541
0.3778342574478851
0.1960117877506705
0.15749750727263562
0.7996367640943832
0.1732418494132176
0.6463012560063606
0.3582496358884363
0.322988337348646
0.22247949676799997
0.4609435202855374
0.8185139255427872
0.7884531575492865
0.4045540035809157
0.773899488561462
0.41215254123603906
0.46941527230731434
0.12408631654784563
0.6472542497259286
0.751666430518196
0.8288094507892126
0.7264529779018399
0.36434567805432017
0.24583467589060823
0.7332093491015048
0.6052884116788688
0.6178987950579877
0.4032791898252872
0.6857345331035453
0.5844906932251441
0.4352428690920886
0.5512840557768072
0.8295529071978544
0.12285201944680513
0.42835079689304445
0.47239037431153996
0.544713794608259
0.8347566981647279
0.870666646089963
0.5647017927631042
0.5857377177727008
0.5023321772222556
0.18662730290241256
0.808091557539245
0.12049987213549158
0.7068346183011599
0.5363537818340715
0.2005973297438
0.6138076371188954
0.6520667293069121
0.6257072672045082
0.9031439821137995
0.6151298723456536
0.42998205729346106
0.6877455806197659
0.541407309294617
0.36463785872159105
0.6428074158555521
0.42669187810464193
0.3126797865239404
0.5042094061195606
0.5422262579335198
0.5875980319482028
0.5030163470088644
0.17061804564875904
0.3547470656902732
0.25478989251169
0.471379106005097
0.7645784746129216
0.6694308460334231
0.5218527585359406
0.432872006486856
0.5256836585111914
0.18406527530251698
0.41969357878179514
0.4190258139856098
0.86086769742859
0.10485379363561304
0.797210869543619
0.683555317636949
0.4820410637606599
0.16540040314254567
0.7252905170414052
0.7821595852918896
0.7240239453072246
0.6817455055652839
0.3933456777748135
0.4298369258021535
0.8503642249679866
0.7138631092014497
0.5308724579478864
0.797770076295886
0.5188266954784562
0.6577447834289076
0.4253723857684816
0.5884858830715066
0.33348477166625773
0.6475697173898077
0.4823255282794712
0.8841516339482717
0.4174938134637713
0.7254206185596999
0.46959766039063144
0.36449053982727175
0.41994478159320725
0.4508871841011016
0.517123213248245
0.793969004096621
0.2312575767310115
0.4857368808959628
0.7416314955379487
0.6715241532171892
0.6716714064080598
0.5696313447220474
0.22036006528731383
0.42258132333212
0.6348215040068521
0.7253695686187545
0.13009508591495447
0.42737053624776433
0.415128120991726
0.43063592267419976
0.4771493441840821
0.41303621427501297
0.6691077706145792
0.6439224388525058
0.8624798671390984
0.4682522632533965
0.8733529823319534
0.5004251334010529
0.29595390048159276
0.8919492547381794
0.6702267102774256
0.721052404899758
0.2917579114095218
0.5571979817172544
0.8742666990090849
0.4701572658622101
0.5126966136776533
0.5607570073078123
0.16902749946350587
0.7185747604405112
0.790767521256048
0.4782972774389367
0.5493415649094303
0.44771525232565756
0.7248495646864455
0.3826871176650613
0.8085024012428846
0.15537091586360474
0.6364179155508038
0.548725691313046
0.668740770026663
0.6953492095276889
0.07036183077620299
0.333345875065873
0.7963721018701677
0.6140432439380228
0.6322825468071291
0.3543010209458974
0.5665053451027786
0.13837502846166483
0.8299645521076252
0.48137561918104865
0.5825876982217215
0.7893147294487471
0.5951427532658169
0.39443771883856704
0.6479690013377996
0.5554279356913496
0.7287594436995584
0.6246126203255095
0.42464301194506243
0.5607855236183007
0.34010391119167377
0.16396473799001976
0.7374262619751619
0.5912960368832206
0.6373396371500284
0.6792490727463416
0.08116357598106431
0.942388257112378
0.7479645495009561
0.39820686029035435
0.7220890078243438
0.5242792174366573
0.47610453571073197
0.26470520329932884
0.16997968730449606
0.30921198563725283
0.6292921963147264
0.7831321357533453
0.7910884120768573
0.8691233873550008
0.45174121606199524
0.7983129867910808
0.4742492021324587
0.18234673893272918
0.7162825428510846
0.6296741501416857
0.4001367481040737
0.6929489785990067
0.9467682179606611
0.8955009754708969
0.8183163734385376
0.6407477318847858
0.8045009955821384
0.3012065334306917
0.3323449475872089
0.17405429051567353
0.9024863253803215
0.8137453307431078
0.3467612236438467
0.45295622689519727
0.5178526194908243
0.18446514219654334
0.6990703234340204
0.490307985419611
0.41960336162604406
0.7308243158915652
0.31553092957320206
0.25122108263558385
0.20472013323090713
0.940860954726801
0.5620951535471929
0.07922349800035268
0.08994761892490805
0.8244330601766522
0.43467670314858387
0.36359842514947205
0.7708140821272818
0.2450283407853928
0.5524002365317283
0.8939323307946958
0.8745308410588394
0.7505253000961966
0.46290894525842013
0.7361322052353648
0.28310601212787767
0.5337937567218339
0.5469709799699938
0.5466488631765594
0.6219084501742779
0.7785634066232688
0.7820329549458775
0.3688503107570999
0.8794903806204016
0.7462002496028619
0.6843063047784516
0.6890839672688218
0.40973568614243294
0.3516160966979765
0.3603727527677834
0.4751512676455552
0.5690688711683819
0.2111749952706784
0.6421169795386622
0.15892122909610668
0.5081227517973882
0.6043992651884328
0.22060738889652307
0.5093243112392516
0.40048930931926513
0.32208547773637564
0.48503449155951595
0.33402633978534124
0.18026117979239883
0.8003565565299424
0.6314048424926114
0.6695546431170321
0.6528129190425859
0.547045191129013
0.6255132028744301
0.5166546943915946
0.6671206491285048
0.8321769647324014
0.6543035625994287
0.3385987546502327
0.46228295179948325
0.3460116600682723
0.47122041164160594
0.8739327790269051
0.7447234414399028
0.7865857476329113
0.4574201442989184
0.4000161617574333
0.7118948868179124
0.8716424271433509
0.4983698214169884
0.5304325582459019
0.2917888076434479
0.7279790883348919
0.2848790904258554
0.3667997746170601
0.3153673923008038
0.788037591191095
0.2651752590089019
0.16237316362770166
0.7048492996861305
0.3707491002470878
0.30932440152741203
0.8097310943833682
0.28137229111344264
0.6463574580707451
0.40352134026536474
0.15702641402428444
0.33428106849766986
0.6417227829450347
0.8822200820905329
0.8087914152737863
0.49219541447289694
0.6561480442473007
0.5664852735487442
0.24952239472206855
0.64125053211801
0.8005700413735001
0.2922447898397112
0.5771390594403517
0.6572863316241712
0.47084148205340765
0.1350353246296856
0.42202087589840787
0.17577717358865244
0.675737170641475
0.7362009811449668
0.80192052188688
0.5499619566203658
0.5301204644451474
0.19435694599108752
0.6071066235673214
0.7470088120224008
0.49000207871778934
0.4853453726540545
0.7818152723944696
0.6226507205538803
0.47523706197172155
0.18417571223642956
0.1780528351742185
0.4201516678790036
0.519184707655162
0.37829050852791307
0.26098717046812736
0.7092903353320373
0.5274079195219165
0.4018794787419011
0.14891691749334163
0.8954353478029985
0.12436536136411135
0.8498066703727761
0.8721745606968745
0.17536525094821312
0.7759383944260559
0.8615234937614815
0.4872264909394141
0.33059371191103865
0.7938105544178983
0.883316871696368
0.7945127007073863
0.6573197357768688
0.2367644119833061
0.5016378482143365
0.2541096159418694
0.5969338267949912
0.8118138994345165
0.8303806892653466
0.8570041028402251
0.898433859282285
0.7713558528504971
0.6183051948317511
0.2325284211197259
0.48801894056753553
0.40174722825431985
0.5847777071987512
0.44164783094887317
0.8556326402870119
0.30886402933220664
0.2334943720811266
0.921813011701252
0.8493025420701951
0.7527386736748881
0.5340845713559432
0.6432089970028928
0.6975338464462316
0.15370551472620866
0.757258664984759
0.10507893996084976
0.6666545631715944
0.8980674087747696
0.4237100459473367
0.640079369274968
0.6395119103783049
0.19441952807346988
0.6960570787299555
0.4212758965972141
0.6519439708134054
0.5980505709307367
0.5536660632567502
0.8047314667139933
0.843971221805142
0.14593917142736434
0.13648065082086192
0.42939889852051716
0.16408115537550214
0.12896253173478575
0.47962374865345675
0.44750291191923913
0.23381112440686927
0.6141371777218328
0.8723862033714123
0.2690709832089574
0.5030917403855919
0.3651741707627099
0.5544188481057535
0.600551344263799
0.30669948726664886
0.6938356338738915
0.453002413183852
0.7937096550069414
0.147436900833698
0.6297238515109457
0.4946238415750844
0.831414995280304
0.6349232917915667
0.2790486765379163
0.4472834035169364
0.14983616665456453
0.28341095323270754
0.8750212636404027
0.431173549108269
0.6407309881186934
0.8457525781321974
0.316100120961293
0.2840036466966248
0.7996367640943832
0.7416788857840652
0.46083697457547235
0.5766220798975198
0.8026632930795757
0.8019062581398456
0.6245792215773689
0.6887691021172094
0.5002419226244041
0.8718223022662267
0.22990212011175895
0.735361852929675
0.31115340051588786
0.15823122510378684
0.4685168787387658
0.6713993175250084
0.27046507511697576
0.4898944134322715
0.14164545776103044
0.7216298930680685
0.20646642822787611
0.4988597289348518
0.6057620353052353
0.4678975677608204
0.7592809956904375
0.2681467002834814
0.33920147009418605
0.518085864752485
0.14759092555660153
0.7798174475752029
0.6438969881582866
0.513535913122366
0.5564487978267688
0.16326808111265276
0.7461643730523978
0.39382624281657364
0.8379213425911792
0.7518834269967096
0.5399573508862506
0.343433746276838
0.503884495838413
0.16345886735591117
0.1450125391561426
0.30453618780919944
0.5364990506489276
0.31619995741188056
0.5322531972052863
0.4417229597316749
0.7500221534612298
0.37739914303953315
0.5267651112184667
0.27276198299835647
0.16432479428166052
0.4280532505886355
0.6761578339764165
0.7008401099505734
0.30781934021640095
0.5512840557768071
0.672159218239421
0.570761353544841
0.747585929178078
0.6288313540371853
0.5244714922377045
0.3401319064863382
0.6731963496532583
0.759112860394667
0.683980932563731
0.5507800805793606
0.6435174398169916
0.6002553698677319
0.5672671146758246
0.7195705401432668
0.5574008647410881
0.11830647179950504
0.6758110188388627
0.8628977793462191
0.8183677782172732
0.18073772041163544
0.5320382105184478
0.3378586812373747
0.5023664036728179
0.35078109638037674
0.4224352422102209
0.5334410962410701
0.7922287235547061
0.5767720226987435
0.22029355025630967
0.49656198573876725
0.4805981013171567
0.2375622091215677
0.7593770059897549
0.8285283713710843
0.3937031635399453
0.19108340787413014
0.30177399732107313
0.4190213910899089
0.38178432891804776
0.7391264825081937
0.5773186075315105
0.6453050531564957
0.5909168816966702
0.6531463059794121
0.5337937567218339
0.8333935513898665
0.6279267746815148
0.42634930254544023
0.9039131163633206
0.8026938647860514
0.18642405688452027
0.23999258981413762
0.4163386311850718
0.5495498564734389
0.1621405632764726
0.48742423167494764
0.768136934876652
0.841687786963804
0.23221095303145603
0.7804741980566148
0.4662903562424044
0.5909105835590733
0.4016980483869473
0.7519986529726528
0.1490825764216061
0.12285860944234732
0.48875012763609843
0.9104068901942212
0.6616575222477966
0.8447193761598355
0.5795461150793918
0.46581080666189034
0.2825852161987777
0.54298591631478
0.8422591088263536
0.26771551338170263
0.7905324611937263
0.36719618621184513
0.6700513111888052
0.33660878378250547
0.22932009481368973
0.5604416421925562
0.8057525530468777
0.8447694777714989
0.9415214882841756
0.715811869809424
0.5582302856134987
0.8018771205949546
0.733825215530571
0.7183270297577011
0.4571119689019999
0.6180307128023316
0.8070733595642855
0.2877458406208541
0.5091282418045594
0.11275765244128266
0.17162561218221226
0.7705381714086641
0.45171946210318165
0.8841553377284939
0.3693161664642546
0.6510428427531118
0.7418383154356385
0.1400513814471796
0.6776950761326473
0.4796270530076436
0.3396111094009942
0.6822089850925314
0.8493780354330341
0.27555888128768585
0.7165200998332593
0.9209618124359292
0.34657883937365436
0.41749381346377146
0.39457081610402067
0.45422738368089627
0.3930804669580401
0.7477185080230426
0.6090225734674345
0.7798837481527385
0.36117348601799987
0.8565336727238064
0.3166892950784717
0.3925712564507049
0.2223171237745517
0.5707338786415447
0.25560432386638005
0.2158691023472787
0.6537265049153478
0.8375108504625619
0.3568142046245838
0.2018152968206467
0.7176582474115779
0.3946681533032186
0.608993497327784
0.8500721225251436
0.4367551394128804
0.6294428681764873
0.637919595972507
0.4701303178292684
0.5917955695575797
0.5987690967981111
0.530194039412509
0.09294343779971266
0.5945963079695784
0.732290240683829
0.5041895484312464
0.6911535969319956
0.8380960361289542
0.6287902994160778
0.7259517589626054
0.8518897361351863
0.33419879688291165
0.7586849706963474
0.1709398372449979
0.4880366354960253
0.3378162091254385
0.5389997264712795
0.658489159603659
0.5278584425573543
0.5976902250548299
0.7845456279649649
0.5068250268648476
0.6463575394627136
0.44014827490282576
0.8341747696611171
0.4052311228367096
0.6728494566150743
0.8756244084308736
0.6645946684071962
0.8981720569931196
0.5556745388356306
0.7498090745865594
0.858660397297822
0.7496467981034723
0.8346890565641444
0.4702219337591242
0.4656425565757842
0.7788356685136849
0.46443786757760697
0.4342604854150289
0.6574306616562224
0.2815681907770111
0.6560937880984835
0.4769902479366116
0.2639720108555148
0.5008550057695916
0.5741455972130636
0.3533409600006482
0.7888196096906935
0.5454482192750794
0.8529001141210057
0.5655852199123209
0.6260132251192408
0.6242124287954035
0.7342218972016141
0.46004592163298674
0.5562449187003342
0.22693732269406583
0.40890989083329016
0.26895377658998354
0.6186892329456952
0.726060191403219
0.5892228458319575
0.514761858436105
0.5093686831404269
0.8620055939729251
0.31091736853799135
0.6044615914122635
0.5832798763769692
0.37897444772446853
0.7834372920722456
0.5709522958801214
0.5143699817032751
0.48552051408566826
0.7481696150643902
0.32632519797810766
0.17723202982726902
0.1928361766596679
0.11884324589454427
0.40948166065397945
0.16253490884711605
0.8298323925623462
0.6351305843827026
0.8217059683627622
0.8022657900233612
0.2857530327943695
0.5676512651757376
0.5338540386466109
0.31038984332996306
0.6719426885531652
0.5265392608337686
0.7850273336306868
0.5147388640941828
0.31186551236489896
0.22525137561063083
0.3005429875731568
0.5545144922348191
0.1900702594436951
0.8891893645976762
0.3628954129910679
0.6766352599826619
0.16628071407805065
0.14981191132538133
0.4856567137044542
0.29637324437181334
0.3684748903697923
0.638259136122112
0.20623508198680424
0.8029274082242026
0.4603825005769823
0.5711956108066881
0.24373919166762886
0.24302123308885407
0.499638871171257
0.4626047711497915
0.09971045345990913
0.4416623991613386
0.8568680741588613
0.8375745425779079
0.3990638894012127
0.5542726752365668
0.5029278615364073
0.7086321393247335
0.6528129190425859
0.741674697888057
0.49840156496702237
0.4021100816158308
0.7511816079176269
0.5793704147692555
0.4518022836437762
0.3912833961001823
0.7360885554892299
0.8574764436783241
0.3108806813637373
0.4057165817989243
0.29780884687929643
0.7842518293435082
0.27995861527660865
0.4299218920063515
0.7956061610853266
0.6548550785746936
0.13464498079960702
0.5256087367283006
0.8874344320770193
0.46107463126704346
0.12929602847290989
0.8299645521076252
0.10784878857332549
0.6830997690173649
0.4545931501833672
0.7245508744394497
0.0945164210289203
0.3100948682383609
0.505008017923028
0.32529732804983524
0.6068668873929595
0.708703174711435
0.37918680490400275
0.3441990937044106
0.3569093156623934
0.07830806264326487
0.9292419226507332
0.754309363048888
0.4346421662695518
0.5160242483824438
0.7018364119174334
0.8122013472874885
0.17224639055987698
0.34723642006653554
0.5988322694026481
0.8481854295936998
0.7565531722850062
0.8306639776492769
0.7718828620833444
0.3485941489685068
0.6068668873929595
0.603870446899409
0.5987326530860543
0.2425843811703457
0.5846626132889922
0.8385260877602458
0.9206489172413719
0.5019790092177739
0.5512840557768071
0.6827787218358876
0.6424657869242788
0.3238787058226907
0.7924680063316365
0.6524147251475665
0.3839411974718904
0.2929077752196597
0.3543010209458974
0.6492449289370943
0.4478628098320283
0.4646287339885579
0.5685911923047562
0.8658994777067182
0.8430892420975316
0.13576246719527135
0.7014933908007833
0.24647593015042227
0.4511842597526573
0.9055035788572249
0.5065194797977913
0.6376095681234354
0.4700659019485609
0.39382624281657364
0.7311473045149371
0.6333029819146966
0.8362188125709311
0.6834595196369423
0.6726952662767283
0.6185112333730393
0.6908515266969153
0.3720909496098016
0.4042287009894907
0.3359643701725611
0.8019600512482759
0.27671977932676806
0.6061677629373876
0.5478533574713833
0.6255933842311828
0.6301042476197547
0.3084606639294907
0.4825991853547439
0.41558318394193106
0.083688923977996
0.7129894342224202
0.5545010676436886
0.7193382985862019
0.37288013465598885
0.7264625985477688
0.40537124071320646
0.8665972416603192
0.7404938294762743
0.4251076962067972
0.5437039566354762
0.43779152074509964
0.2666898220990532
0.27793454842406545
0.49042802222577603
0.641405628971802
0.7176582474115779
0.940527769129721
0.7352398194185008
0.24618688071252356
0.9082239423509311
0.8237350877913945
0.4645913720096338
0.27634709859477796
0.6774805196539471
0.8169260046090274
0.5012250441985527
0.3017741793775111
0.6183708736752497
0.6140627122525141
0.4995691588325609
0.6756668089045021
0.8008603589815932
0.5634011246040382
0.1474470873077937
0.23738779141281768
0.49602608453750924
0.3983943986290938
0.3234986212917445
0.22174894200668746
0.7089557909846174
0.4351975268215377
0.828687511844678
0.21884399105971702
0.7728587575974848
0.533942093199517
0.6818925896163547
0.49449145047703236
0.3424717918735337
0.7103559698743106
0.5484204524012237
0.7103784229177709
0.8237216124967923
0.770573401361626
0.7609294089678432
0.9305637685944431
0.5394849814259809
0.5408145186929469
0.8811708959614003
0.5684694618836221
0.25316047462769764
0.7790722748912509
0.4441023735384571
0.36249433779039425
0.7957641058988941
0.8999239820491284
0.6765360226433704
0.4428705672675503
0.507454323768516
0.5482786206543016
0.6463845337814781
0.7497640966675442
0.26267828802226645
0.8008394924406577
0.6293567364476664
0.4046966633197215
0.5685480372830242
0.6405963652340287
0.23088137877650663
0.6486747550212482
0.24261959391228888
0.4954332266752564
0.33672130779780124
0.4207001802433965
0.4959427152510602
0.6910319799426111
0.4979488356266857
0.4254110690970152
0.13843681535135072
0.6070718633435416
0.33538422394080414
0.7509089582316442
0.7942600687099103
0.718460684056326
0.34866222221307575
0.3471082287180076
0.6795235360680252
0.4307850817654109
0.7877077352560135
0.6162311286741085
0.37800593967002355
0.5845483073228216
0.5326336880167176
0.9088478711733787
0.7475118149181774
0.8536546969122069
0.2986432556052136
0.7924680063316365
0.4223716442771892
0.9057487877060543
0.6462590604378983
0.4917326049826442
0.6690640798632641
0.8388385694616104
0.21897225845650128
0.4246836217550529
0.5756988839492369
0.2499492710674187
0.2146853178283221
0.32087288824366506
0.7520259683955021
0.34955523865698435
0.2056285625846628
0.8319684182969256
0.1890973637407411
0.6836326938058896
0.6107537638210792
0.43074734074376814
0.25666243689799645
0.7066633351607735
0.8690230556759231
0.44985455563837473
0.614368513599215
0.7149252161593558
0.34424797732470186
0.4777835765126081
0.8438070218223416
0.5097392108438347
0.28449887379298
0.42875910887118696
0.8449326575074729
0.4870580748588965
0.7735077914889101
0.8230686186281674
0.28420062722028633
0.7548405763822507
0.43382221527702836
0.5441330137398759
0.5342348169111684
0.5788554781296432
0.6027310825186271
0.7215376341330613
0.6969845417970909
0.6278370204460175
0.6776662575684851
0.35932488027484766
0.8834853832729683
0.48475005280419814
0.5666051510464463
0.28457974790517276
0.7267215317934965
0.9262210181084205
0.6504642471132422
0.35991460890586235
0.36476380506319045
0.7157434866828584
0.3989328339442666
0.29666487196026725
0.4209585319233364
0.26775183724315704
0.3458267800532608
0.36914746970722234
0.8079165271193661
0.7488131915719684
0.34426768978646594
0.4150303382465686
0.5592306222181727
0.5856767588872768
0.8243597751836534
0.10425610388175285
0.8072363596349402
0.81653885501627
0.5692234054682064
0.47000093015823613
0.13535442066420103
0.4102130561188002
0.5709182918390755
0.70939559587507
0.2933028330537929
0.3406485122292633
0.8041442472012243
0.49759174025429764
0.6180147053370487
0.5263951566149097
0.5023449968655963
0.5793985718919445
0.8756244084308736
0.17070784505398992
0.7909836690856773
0.1508905263558456
0.571335897654673
0.3870311490086465
0.507427584130197
0.4667712326845083
0.12302588444545538
0.832942330188617
0.5086201512081399
0.6313438908225864
0.8421852872027374
0.3431480713793861
0.9134433345877199
0.21794014113517324
0.7238756678390493
0.6261872849241975
0.6063342871590273
0.8745071972067122
0.9060682540232782
0.4672251759438993
0.6312578997261086
0.10420596188884985
0.8818288349109126
0.49104029406756033
0.2962647506303956
0.20100333672732063
0.7685245479785514
0.7139889214634987
0.25582188743935996
0.6017138208703527
0.265808870937025
0.21718475592741426
0.8835579728127504
0.5289441741578718
0.2910357574526406
0.47026228071027154
0.41344109822439146
0.8152629612327082
0.8660979496432782
0.5918849697518692
0.17806313265955476
0.5969872662139786
0.5694700889783771
0.3154938768411678
0.5880268354051057
0.7713613525958409
0.720067170770133
0.7092508338495259
0.37459752048196004
0.7010153836200795
0.38655924469527464
0.3502246508940605
0.3246786997833295
0.8529607917738712
0.41641735221924975
0.4640306194014374
0.7516454543287665
0.6181305297305323
0.23540341194080547
0.7394545633080872
0.25041545113672364
0.3199467667378118
0.6669213267282067
0.37935047809377614
0.6469741993107423
0.7611468024804172
0.6446818469990966
0.5867415859352083
0.26476543852525025
0.5225813484977424
0.4863394619459947
0.8464876174325526
0.8544423846744341
0.8671067424366927
0.40103092275538377
0.3990722412641289
0.7350908091306827
0.8347880070669251
0.5518860060186298
0.4044370065801874
0.6048606606232787
0.2846754975543082
0.4036111657481056
0.24704093641904895
0.7417152414326006
0.4327559608810475
0.5104233164697816
0.2907556830162383
0.5508520314080219
0.4813965342336095
0.7662908823648441
0.557310425805221
0.15999949777509362
0.7901415693891175
0.2796110911195414
0.7483404067481508
0.6725318734383674
0.28438236524325555
0.5940254765022858
0.7506762380830886
0.7281320730128484
0.47322431237818324
0.34485849555387876
0.6528359269297984
0.6094858254165181
0.7375193069101514
0.3107952656001904
0.32411016901121154
0.4285649872854407
0.6253358600712303
0.7111261877880904
0.5212253786111533
0.7191069228188465
0.22617327851676855
0.6323560565011459
0.4916777718916583
0.7214455035504869
0.3151903856264246
0.7538836934736552
0.6252415209204469
0.11265750624757706
0.703022776638395
0.6252064160437792
0.6740746471947932
0.5618342977314479
0.897895284799576
0.33840501547608515
0.23473719889502495
0.6648730293894387
0.7271062998550566
0.5508520314080219
0.25311259914210554
0.5730959240458982
0.6935444978224153
0.1708081968535539
0.7492161511455435
0.2082022701313738
0.2691115078419402
0.7374636230478832
0.519569675566183
0.8096405450028893
0.8222021996956601
0.551297466022581
0.41743537307166645
0.7534991297756136
0.5587867334687091
0.8938972657856542
0.6264404185012291
0.8698812866371446
0.555198416687213
0.3596658459097988
0.53209731785923
0.25526108455230495
0.26861622072817404
0.6728358590059241
0.48734599387787575
0.2560954300884047
0.2190947926910559
0.44048659957156144
0.7061744859561542
0.5387448219045231
0.8980397887792733
0.7326599917417046
0.24945680003054901
0.8748467830693597
0.2694484766429316
0.8062602320847262
0.6163999512785165
0.527800887679008
0.7624412706100328
0.7252769110129187
0.5748592584871417
0.6759100132038849
0.6350912916447178
0.32323271056447833
0.1688847315002306
0.33793971182075383
0.8288094507892126
0.2297673355560665
0.42110849391839655
0.738374486662656
0.4550286391756223
0.2815681907770111
0.8202847298376053
0.4392680727599075
0.16677351061082205
0.3358085182557312
0.4254728398734079
0.6300731748234988
0.572884534918255
0.8438227988037468
0.3316476947918509
0.5201990737653234
0.261175519820989
0.34421664615523845
0.7839179080142573
0.35474706569027326
0.225764450959372
0.8524791930347727
0.7410345742755571
0.24895465488804083
0.6043133190033668
0.6488920579303539
0.38586033872870035
0.43575004527541256
0.2812880937369775
0.7794561078304187
0.41518945588842165
0.3124270785094619
0.19268864843034372
0.898433859282285
0.25436627847603144
0.543125332809348
0.23650430805429712
0.24780812732838603
0.5478263937249288
0.5439155908694729
0.6368061642527969
0.7185747604405112
0.3280872935260629
0.4922786518784699
0.2838020231057933
0.14841239162973732
0.8685775717330854
0.2936542863214461
0.4458328877850989
0.46533223389173395
0.4573654300413895
0.26045542047112846
0.16472144943607325
0.6942544347599149
0.919828681097613
0.7308374875896134
0.835479978510169
0.15605495070672057
0.9318042593889163
0.15645237575837978
0.29016615540320784
0.39496070082593987
0.6091305567784004
0.647371686723116
0.6173806450216607
0.25260666578557595
0.559603442494531
0.5650908046557759
0.7467509977315451
0.5859196152159638
0.1841757387143107
0.7926911198957507
0.6225260149487564
0.6168120219176755
0.3809086377148545
0.44567850522156577
0.8349163446438899
0.5133400437539685
0.23347524199919595
0.17343237904492662
0.8404797830274686
0.2583817375709702
0.6427951813997658
0.5928185104124896
0.2458287232966199
0.2419596610718763
0.8924208677612011
0.4078953644098285
0.518085864752485
0.19964381697384295
0.23058469996017578
0.15682662297337863
0.7598868022973696
0.14919780245624456
0.5735938118503237
0.7672826297338228
0.5039084099576999
0.42493238855686993
0.6911216742287152
0.22753059321553823
0.7840630067727812
0.29021043149394954
0.3692614309444011
0.4381137992585326
0.6359805353302445
0.8406172559446944
0.20432979491319747
0.5024632213648387
0.9208089025167958
0.7142410830992815
0.14339967156834219
0.6539427155076818
0.7185322746876801
0.7080809087409378
0.5577267114045584
0.7528047605394413
0.3979593123091281
0.6041885926974728
0.38885275295567756
0.4211073581610229
0.5319221156822518
0.6435542694890657
0.33305201053231936
0.6035572516158232
0.6942594619119143
0.723278732975229
0.553507483889022
0.47000909793141143
0.4920468392568421
0.33572407938940746
0.5545144922348193
0.8597011524269476
0.6304166332947603
0.5420804688521292
0.6583338944664843
0.663251570486904
0.7544496144478269
0.5256493630389025
0.7864204618867986
0.6125532767543277
0.5732247417338053
0.22480538294509864
0.6172122862728412
0.4184021849985213
0.25303360480604475
0.16146061128863623
0.6998539393572452
0.10310702663000326
0.5622957905436156
0.8756708659636018
0.8413329308195344
0.6081546393072456
0.555954491391533
0.716836005819835
0.383307381220319
0.41201636519643037
0.5029278615364073
0.7805767588845345
0.7740787140981319
0.7761163456354322
0.6543959994703744
0.533829591473761
0.6052054517556368
0.5687562987781319
0.8857148117992926
0.2983639277200868
0.7326599917417046
0.5780718172312971
0.6393530366974061
0.4195164694324048
0.4678910575155999
0.4461530186509218
0.741674697888057
0.6465441432574547
0.881923024136713
0.77788505316136
0.4140485029122174
0.2578786282975455
0.4216486822003623
0.531881768087937
0.4777835765126081
0.8780249193285768
0.26567552228517116
0.8569161838488765
0.18423579971201057
0.3585320858487806
0.39289158318769996
0.4368446039972415
0.4617220635167816
0.6458577274397637
0.23606456161755
0.5476718427073077
0.4529734713390464
0.7844381876272646
0.47658003643796787
0.8225743528068477
0.3320452684745908
0.504247914879018
0.4557643446736495
0.12701770722589992
0.7200291801278071
0.7951649516617001
0.573353461337934
0.2971156295858989
0.46693588012452353
0.47410810128148284
0.634906630358521
0.2691879888732052
0.7780486744045062
0.8517442424011487
0.7197697484195208
0.5226297228734386
0.12916254129356194
0.8101614160593983
0.6454721360819872
0.5145409710343465
0.23945422739538
0.1940415870222771
0.3518185522915359
0.09087622615561178
0.7223516966264021
0.6702892555412296
0.11177177674008514
0.6515557934687027
0.49910750671659504
0.5591309491584063
0.37173753905070056
0.7803263604399354
0.46186066768648487
0.15798739428622993
0.45294259145622784
0.6392890009151543
0.6555567530667364
0.34581444075406675
0.8585368257830194
0.37415143710545057
0.27050227083001166
0.1562234537837933
0.4912322638125265
0.8584859803893905
0.49695120433097995
0.7469441451287044
0.47474896582216514
0.5061909060381705
0.8784779619910796
0.5335438172938155
0.36195779715138415
0.12037707012263045
0.4953949491981056
0.8917782100818666
0.8504872067643056
0.18855988608277538
0.14214120092125682
0.8549088770243818
0.7769117300142702
0.4019042545959221
0.4639393909215801
0.290766658793767
0.1991340080508541
0.6862550815581412
0.491660165937243
0.7488131915719684
0.5400323332735302
0.2907526446453906
0.6262236972263084
0.8734973253030965
0.4258664132096974
0.8574764436783241
0.1599474879597811
0.8084590573144741
0.5117655779835076
0.319816262862249
0.7174261179419262
0.5316784497316057
0.7256592833888379
0.43999771306639823
0.14586004817945095
0.46616872015588195
0.20277903804410538
0.5512840557768072
0.40889547445794655
0.7782032359730111
0.3903721634294712
0.33251962446836003
0.7287594436995584
0.684504153457061
0.743070965955326
0.756319451708396
0.1639405046263989
0.13401210127049318
0.2038281522330666
0.4042557125699301
0.5697464845707866
0.8852388021718552
0.486385319461176
0.8269574146898259
0.30303509985506466
0.2654513844167898
0.42198012161679027
0.19034214152875606
0.5955066857949398
0.7371186593969778
0.7139103603871741
0.7370085234154903
0.5765765948569267
0.5413673288478451
0.8773247439024976
0.5664484097427308
0.08453256556894899
0.4812428721362657
0.3085721623493387
0.7583796999587071
0.5330090945767063
0.410668757979158
0.9068837215657364
0.7640631890075894
0.8136410327849273
0.21307267881292166
0.7536018297599841
0.39443771883856704
0.5716181695863233
0.29625426426174156
0.8447358464681746
0.6144280534235341
0.45118425975265725
0.7518151365669258
0.664582374026998
0.4165956310328298
0.3611410626731589
0.48464860690438283
0.8764458734026555
0.33521010240425114
0.33824531006003866
0.4050781854105402
0.6331329889635129
0.22745449079133676
0.8699903719744039
0.7963607827938306
0.6613854868848443
0.7593418677375388
0.31574659817909684
0.3616711687404598
0.48049034942481006
0.8005755469418243
0.21389587895547663
0.553161275748489
0.6588792117054358
0.6146047760145332
0.6474817956651197
0.3873713563002297
0.8310532735656538
0.5313242369935637
0.38827684919762856
0.7202379126943707
0.430298798327938
0.9326944381872206
0.5565592639531075
0.904754308622352
0.7014948276945654
0.15004697320955865
0.23425806166202442
0.2421853088233878
0.6534398930263936
0.40967913303571946
0.5621397181556712
0.7362749511406467
0.8454940588324064
0.6241964672641119
0.7445477678120255
0.5901208089096962
0.7929078315330099
0.17044136683508496
0.6004443485323958
0.31559336360461987
0.6887691021172094
0.654906919391577
0.44808298528560353
0.7444992762713857
0.2609871704681274
0.23775055244442062
0.8551233912015376
0.541421449222467
0.8566387160327322
0.769124903432633
0.354716697974285
0.2619818419341448
0.6114927357039588
0.596552078325921
0.8819137094093337
0.5355724678038815
0.13653425716462653
0.5477107747718928
0.493358123906758
0.531542799783207
0.8976768023771928
0.5218096652445191
0.4704930032357226
0.5043516485408432
0.4285370372558459
0.2088204873960167
0.22800429410280693
0.10609495231197634
0.630293601150239
0.3029033241770935
0.26125532251306155
0.21880832259338254
0.7706898770582569
0.5990971675971998
0.47084588830073
0.8546060854654935
0.2625697427839633
0.44634189344677017
0.5236137404590768
0.5480508452229451
0.7707370382950555
0.368273491491839
0.4454331413947567
0.26064740059363783
0.9062558211221451
0.4489264146699435
0.5696596644347957
0.4887760665154802
0.2683103719717609
0.8598248403056145
0.7468389470426058
0.6582058646666242
0.5860404652212807
0.8062602320847262
0.24856870646695922
0.4575166147700404
0.9010901591120937
0.46135479149220576
0.569320130806545
0.7956061610853266
0.3127325746890356
0.516008280349821
0.7366376862335849
0.25004424415323584
0.827064830012456
0.707069936344282
0.7191110333507905
0.07851887139513815
0.6356399236233647
0.13606048029192389
0.11311328950922155
0.4731656221083241
0.14775315073118364
0.8205733978731866
0.7696562360012289
0.6339130505338954
0.5891506736432596
0.6958309897577755
0.8225743528068475
0.4701753963962179
0.3772775866819077
0.22939073317631148
0.7929103525315093
0.759112860394667
0.556092257283772
0.6761708855639448
0.8894801937637684
0.23941207455254612
0.16257186065864135
0.9117774570040172
0.5550584376164537
0.5338694059286
0.6665783557515723
0.8196736626094706
0.46438938968110904
0.5759025701002354
0.3366723413960804
0.5476521280011583
0.4011319605192732
0.29424554547522697
0.1484566799559874
0.48359585310388803
0.9373860445085175
0.26324229622103545
0.6026936937549282
0.6029026453584073
0.2971026114645827
0.6823546950935748
0.7427382768500893
0.3586839331985354
0.40039540436063237
0.7870973589994045
0.8021492664083095
0.7369515177984559
0.517812508495958
0.16715444336532495
0.5716871068026428
0.8183148155944466
0.5456510165609407
0.9265948139678725
0.4898535777889865
0.7094788161588756
0.6915795930046842
0.31865880802164104
0.509719966369602
0.11721745939826791
0.7288963279275682
0.5728363606175303
0.729785666500434
0.6519626212406668
0.5545043638455156
0.4396210300210167
0.6187539035228021
0.8637942623194214
0.829745844449036
0.7443980557214874
0.6808279043449822
0.8231606915650532
0.6449581836143403
0.7699250410299251
0.8506794560184906
0.146121428803887
0.8406172559446943
0.27822838384724335
0.40831329005634864
0.42276312966080143
0.26666158574350146
0.8978457207350535
0.3199948325641811
0.28762200443367547
0.6972624376083708
0.15392827256385577
0.16696819093038634
0.7062430145183747
0.5322384430386898
0.47521210136778635
0.27331127413729184
0.2859800365492024
0.15637255379993145
0.8178088596590612
0.8248193751001394
0.47556601031348245
0.6972479435263341
0.6622481160479197
0.5222910457706541
0.6111562713980802
0.6684952991716782
0.3086853640644709
0.6689595532644053
0.5939402662871108
0.5368408460297629
0.48493752989573385
0.40436195895271365
0.7778850531613601
0.5546975336019153
0.4019756774683605
0.18430861605025947
0.8097310943833682
0.3418265995073289
0.20561494265858513
0.39125951071569265
0.1990985166275242
0.6829564784566031
0.4981614241637427
0.45748931642115237
0.7669946449146099
0.7187870392445096
0.2856030507940982
0.3944379938047223
0.5572138158923295
0.3361608707266115
0.2052277180099812
0.7906346631792679
0.6294778437593013
0.40374655970763795
0.38214274207178056
0.7354676100789174
0.5554094488682273
0.8284894176825817
0.6634319396242625
0.5666469901327257
0.9289011698687613
0.5775297410122999
0.46078190882611136
0.6639288795598941
0.7656727851572829
0.4249515862669584
0.3448160972013302
0.44228687994221316
0.3913403492364148
0.6271964333794542
0.9370147801142718
0.5600666697350879
0.4184135263754126
0.5753884913287962
0.5046295867164898
0.7029001973202913
0.8520366531118848
0.7010457286238441
0.2458989370198066
0.28527847563338604
0.42544762885055554
0.3773979727750109
0.5544503411294486
0.90740354416855
0.7997279903768404
0.6445198442025135
0.7361320499907527
0.22312102097491673
0.6101424967075214
0.7792874603525674
0.4219879075344953
0.5016732521608994
0.43085303980956263
0.7954332884306051
0.5129983481072476
0.5380864886195087
0.7353049546930794
0.90121276966515
0.39180972172897777
0.48105862172327424
0.7579275453052569
0.3618942715990231
0.8087105354189299
0.4697958287140252
0.6794506680228882
0.5774055628938736
0.6618050586567233
0.5965006685775786
0.7631675650035502
0.5768182513043436
0.6465915318235297
0.5778647287628709
0.7554474190161947
0.17060133921307027
0.5425549581352275
0.5332705810366493
0.544921927641448
0.6558012843734452
0.39548079729948515
0.6322221606760706
0.3746243111764021
0.23874031076902144
0.1740512226615351
0.5937141187590075
0.7171607106141098
0.3190835482241284
0.4980792823427786
0.7523688991756607
0.8031742422306922
0.4574201442989184
0.8428760412958315
0.44722076446096104
0.1719537278544774
0.7265257048715711
0.7727746954480703
0.5650833236885093
0.15612374631410103
0.16417360256968758
0.5948964843977527
0.6820264068788531
0.4403643245980521
0.2742861847616733
0.8462797712644222
0.7332118730134295
0.6061919741692674
0.45846746037341113
0.5076472763895379
0.7055451203218297
0.536785248382736
0.7360065644744838
0.504622320850315
0.6294778437593014
0.4565670244966024
0.4448903815643653
0.4425564659336029
0.5830074445246951
0.12963439520701833
0.25433534208120817
0.685302178771428
0.4538480889060145
0.8531437305435715
0.3540247290032198
0.6479690013377996
0.23980715342725964
0.2535687039162998
0.7904815450535052
0.17425852285072013
0.4589397814553297
0.5075574839992767
0.5121210153474252
0.2911672095096119
0.27068878565913423
0.6610939767034039
0.5565090379359593
0.8476675905855415
0.4898388367286742
0.5396278656506419
0.35073407631048475
0.39505039460709496
0.3603149873649232
0.6769793810826336
0.15995469732676734
0.912909030429189
0.46952751192880665
0.7437458756197748
0.6778983015537012
0.6144831067105035
0.43977953981971263
0.2170705044948588
0.6038997309418315
0.6823317567707236
0.42450664844976826
0.9395440360886546
0.353901776444868
0.48984684354126484
0.8446754328820967
0.2754374381421987
0.47122041164160594
0.5458379608614027
0.7417868122095925
0.7990168930365256
0.4678910575155999
0.633525103621115
0.8550730484168952
0.752565914338016
0.4706061727886604
0.5654112663422229
0.7918370566273477
0.7090768043700476
0.6604826270629576
0.6580895597618502
0.32214131804356994
0.6165187231271513
0.8445576656330399
0.9068691967165371
0.34937449807315135
0.4541106853178523
0.23223669825332277
0.6194851100084305
0.24918754057895426
0.15611355442214767
0.27753926734785206
0.4332542723318331
0.7284733632092286
0.6162780539859213
0.4632541030710416
0.5965573466429731
0.5834652768836812
0.5549964606760104
0.8819137094093337
0.5215824293288733
0.7099051566811546
0.5621148477814196
0.6584891596036587
0.4904385805374865
0.15596193437339761
0.7924752545101876
0.8258298811065928
0.31300217511263423
0.6347832002384347
0.6886582069014388
0.32135998632298574
0.5113100679341152
0.24766965178351844
0.2033696745576236
0.45141366575207226
0.6910953959730554
0.4796618558103892
0.4610746312670434
0.5576477201451726
0.7166756357191267
0.1761677404093032
0.6209990073246654
0.6378140905506413
0.7268171206970335
0.7201652462024891
0.5467749939220414
0.16794176577821
0.7329782152277995
0.1555269296133283
0.500048056743443
0.15022142284194984
0.38045474843677096
0.7652423334096499
0.6006907668990984
0.785471496433918
0.8279411735016107
0.7849996577730245
0.7989754446425642
0.8991499610592385
0.5457517087015032
0.5397758640056841
0.4220514480002988
0.6166281589085566
0.21229481827507993
0.821668986448075
0.3251611159060073
0.7965405966678553
0.3567850558463405
0.16936291462877254
0.14800809099435078
0.6676641363886237
0.8606607538359405
0.3767460544280158
0.9462744962718816
0.17266003150299586
0.789914073347237
0.617688852749541
0.8405331575541427
0.45951078153711267
0.5911812253612896
0.5972398496170165
0.08976346015596795
0.7046449130221266
0.3696833303850776
0.2662061301692679
0.7359290404203506
0.7983959428739439
0.45982707592015026
0.15341274113980308
0.4020017634206821
0.8411486988723477
0.4085124952588091
0.6275700675532929
0.12868342574179203
0.5868887119660757
0.5847777071987512
0.2876527375107012
0.6450379414459494
0.5574256953884589
0.5453128015471211
0.43852985986124743
0.4205232982875607
0.8090794385683211
0.49253765971117586
0.48286982545713414
0.3734379097671632
0.7553775261714696
0.12048736159335509
0.5383939201565054
0.4587161271108728
0.42095602361196
0.6507910075105561
0.6299883614814261
0.4434723023722316
0.15638743823077106
0.49654598730497834
0.6040935790801767
0.6635857037366422
0.3575741805699316
0.5139376414715555
0.36029412219165013
0.5114875464861139
0.4553833532355538
0.7010457286238438
0.13526598251382807
0.8001762909515084
0.45893978145533
0.8461970506328583
0.38458955166163905
0.28882253878298003
0.44375011020209076
0.6109814446196643
0.3884791770718394
0.7889926917224152
0.38773698844552196
0.3142675854612434
0.29037308712033194
0.5429586692393096
0.20320439353795294
0.3793501143580154
0.23155998744902923
0.5840730851817918
0.5535115633443526
0.46150290406567007
0.6710763511904504
0.5834791215285635
0.44799654610366857
0.8361052368466296
0.35594056963619813
0.43142856989813233
0.7944938414389686
0.4183998393817948
0.6359938680709621
0.3340914113572186
0.8391016362074224
0.7233211472388488
0.19588897001171118
0.8012383071204723
0.5597337494578505
0.223026523619139
0.22967536460081533
0.7449862764411539
0.7426758731650256
0.4589397814553298
0.20697076689296917
0.16828133670473494
0.6260437876966712
0.7058952519829721
0.6966666751514918
0.6555312568426988
0.5435638111605547
0.29151197767929965
0.6111303359416884
0.414957706283645
0.391190608624822
0.3612925573427328
0.692765774584156
0.4233715397236693
0.925525792200866
0.4471789520002176
0.4347362826918428
0.4027011813470153
0.4199951884984181
0.1504288241509708
0.7788356685136849
0.6345131932989512
0.43212366412972486
0.36398478374060556
0.5965482116819142
0.7290257422340878
0.4879665413875149
0.5685333078340048
0.8180692957760964
0.5620872287144318
0.8197409050338197
0.5220597310029993
0.5190441951217566
0.34756689255817175
0.19885271028265503
0.5971425842349265
0.10127588483378903
0.6910953959730554
0.7277841211388667
0.5220151963852783
0.26417349765054565
0.44163916065339814
0.6166263325252342
0.8765870372230614
0.7555298152547475
0.7391515210535066
0.9115717703041927
0.16594979317157707
0.23249100444035722
0.2946547910629593
0.8781622469273577
0.34307631939677596
0.6722407490195798
0.7107922204126227
0.4270504148865124
0.8045217877008689
0.45949458665301657
0.7302221644939492
0.3147871333035749
0.7695428057571624
0.7338721727977605
0.22155113761007636
0.3760902481402984
0.7271684771006205
0.6757523365586954
0.6333959895534959
0.5046476084362888
0.47610453571073186
0.11421939896436352
0.30644440741941187
0.4146488544284548
0.5586990055991937
0.5380492586118173
0.8558457103752
0.38256847836334135
0.16564340358429377
0.6770204616013871
0.5677766078031972
0.17028718696877299
0.13691534966463623
0.2848722330756424
0.33830879562573013
0.45367035337753714
0.380440831295318
0.6767040158002721
0.5557356833423113
0.6019447617166294
0.1960023480100676
0.1411492672819262
0.6926155594502607
0.44829322135036215
0.7968222715866679
0.4994929876185536
0.43313549111341504
0.716424543580113
0.6670848269083425
0.8853057906049203
0.318425834423538
0.6600457472495156
0.6185398188353969
0.5085579527710452
0.46732001381069876
0.7665195579140276
0.5420576756397342
0.6728494566150743
0.5676456756566515
0.7847052413848009
0.5520065883891994
0.9016792935662064
0.4004138284232781
0.8957640439765991
0.7590864076534227
0.40993916395537516
0.5307822994972599
0.8428975564865234
0.22563822303270142
0.7908435586111552
0.7162825428510846
0.4718863057203114
0.5438120111797551
0.3821458705309515
0.392022007260595
0.8355116105057987
0.8634740177096357
0.5991312077478179
0.52011626783494
0.22289773835962426
0.3497159960282076
0.49797128938989904
0.15623929081744084
0.29388456102408705
0.5824144609605696
0.6723363141476965
0.8980397887792732
0.8537168191836358
0.14645139727592105
0.6603907316457597
0.4000373488269185
0.8210431622548752
0.33125172696654537
0.5984852675246214
0.7348011517328656
0.711207122674246
0.6402179065446395
0.22607069121073442
0.16923031798705804
0.8541868651308477
0.6372166276116341
0.47667034283210874
0.14305983115507145
0.6844541339097704
0.221616788206576
0.26150783086765533
0.6474626526577238
0.32126904457189553
0.6165102447160493
0.759544565743772
0.8020398156828333
0.7454233638172675
0.4217827272550377
0.4682993463711285
0.42129501589024226
0.32451140345339996
0.8411661510905036
0.3781179229924119
0.6994681239364885
0.24331813768671973
0.36963293356739824
0.6470800093260707
0.16735841621917663
0.7904793570879742
0.7997071362269202
0.1506173114567327
0.5130317433285936
0.7451097408051516
0.7780886234442131
0.33774639644430243
0.6516630409060938
0.34512064677066046
0.9320748438848414
0.5731345932415429
0.4295200428707601
0.8800215875205802
0.8520410891613995
0.47893519511303834
0.35343604373969767
0.632079521950516
0.7676957156228651
0.7528472324885036
0.4073291217722458
0.8101614160593984
0.6128331629589647
0.6739799662023923
0.11693342896670557
0.1977655994328723
0.34607058425658344
0.3441990937044106
0.8636376666388457
0.5587787831977619
0.7540575360847772
0.6241154929433508
0.683410602360984
0.22532609450808264
0.5050662846725217
0.42368085241171266
0.1705846782256902
0.44629387316206903
0.16398977935362952
0.8021492664083095
0.5859086681136065
0.7124335533634918
0.6505737067830736
0.8328258409242704
0.2441404885530982
