259.04893169391
214.12184644799999
180.99246583991
321.13167660391
458.19351404809004
305.05574838991004
487.18367763609007
470.22910545200006
500.08295139609004
436.1946920160001
329.0946457200001
474.201553312
451.204196168
323.13438529200005
524.2404642400901
758.2071411840001
598.0766994799999
347.01216932591007
433.1742101119101
452.1146466359101
352.189926008
242.126657056
338.165522828
379.050791884
187.02780232591
377.242689852
378.04544303200015
290.174275944
450.21278669200007
577.0759610759999
334.142975816
329.23279386400003
171.05449516
394.19859942809006
599.13103856991
434.13479419199996
328.103236244
411.12448304791
503.15698480199995
255.18344366
411.227039788
381.16312546009
502.2309621760901
386.18148656400007
455.21900052409006
110.99094787199999
379.050791884
420.21827225209
418.0822974859101
167.076870416
339.16952491200004
296.15247788
172.121177752
560.1150293401801
449.16339397600007
400.14780974409007
322.06320185391
352.15085513200006
317.07938957999994
374.20877018809006
381.187483484
452.228436756
358.09267156
416.127325752
320.96843300399996
298.135113564
552.1725787560001
540.13447553
455.15935415200005
492.1692076280001
318.151432324
231.064391148
343.14331016400007
179.131014164
294.144038436
319.179695672
282.198365452
609.062215292
466.04440103999997
407.085791934
273.151749608
99.10479941599999
175.08579528799999
328.17466986799997
419.21820642000006
337.13037613
388.075387496
318.24196158
341.9977043240001
256.215078136
162.004412452
616.229499376
337.0844749600001
194.08037556
272.098334132
210.06169717209
267.138305036
288.087508274
428.1345363720001
243.08685790799998
466.22564282
242.08037556
334.18273245200004
367.22408590409003
316.16959074409
354.09391744800007
370.123696916
345.03381013200004
403.21285252409
269.164045608
267.19467704
135.104799416
517.2418612080902
403.1253686560001
332.127325752
310.10120832000007
231.112010036
369.10731857999997
423.252191916
260.05157454991
313.15387484800004
341.12094072
535.1577314040001
127.0381764
490.14451316809004
264.00058799991
251.14561867199998
246.119069576
288.15141526
283.132076784
530.0464619719999
358.125217576
531.080173864
612.161345376
226.016061052
204.12437186808998
387.22068847391
314.103158338
490.280472328
176.01353563191
120.034192588
286.10744961391003
354.093917448
234.07529018
293.152812228
362.20877018809006
552.1618137400001
259.110947416
329.148789468
381.10481648000007
379.1215291640001
323.18584367200003
458.123971688
288.195011388
296.15247788
445.19936223991
301.109627088
287.12510014009
356.00028439209007
391.1855689
306.970486532
304.193948768
376.083249748
349.14412133209004
343.168462292
490.134139094
296.06188720009
416.17508711208995
258.08079280409
420.190988628
368.979666384
369.22637109199997
344.14979251200003
308.18886338799996
602.1478205520002
310.262028328
410.18148656400007
258.05918535
267.149538416
594.1416690859999
438.14820366809
552.161345376
375.1192206560001
317.100954224
481.19747097600003
206.105527688
305.06015147590995
617.28439471609
323.148120772
304.12241738391
420.1425756359101
312.231396896
422.041263596
254.15314657599998
330.093917448
376.083249748
260.056208146
209.02338564190998
366.22883693609
152.03759060009
407.21820642000006
327.17289603999996
280.182715388
434.19461120791
312.24129288399996
302.081518432
266.09742758209
545.215168374
174.07931294
304.128388372
288.02748446000004
343.0830121599101
536.100947146
442.24890368408995
579.21326351209
425.17149698400004
452.18821175600004
295.118158036
495.19786490000007
363.03308678800005
344.13453637199996
468.1293895680901
278.99962688017996
267.09888539209004
451.204196168
450.147409564
319.04405165209
486.15864294400006
328.04909249600007
314.0892395899999
411.2495065480001
303.04047865191
385.16377083599997
400.103236244
441.19132297600004
347.18938834591
576.199852658
548.1893658800001
228.03360237991
152.094963004
555.1839461520002
387.17100477609006
91.993200368
294.007543702
243.066044558
127.099714036
196.100048384
375.1365105320001
288.073262256
216.04483575991
344.083077992
320.14979251200003
259.168462292
433.21541248400007
265.080635468
320.214015516
479.12028327600007
496.2335221360001
514.161419816
270.113329098
461.17712945600016
101.047678464
352.16477388000004
664.1270851080001
245.177964356
406.19859942809
432.16583650000007
538.145695312
450.24917220000003
153.019094366
284.102173624
293.210327104
491.27572129600003
558.2571769240901
218.15314657599998
414.24007031609005
413.26131712000006
363.04213206190997
262.144805656
305.210327104
285.205241724
274.22777431609
316.143644512
434.16035719600006
318.99374739609004
400.15164923609
164.02402182799997
499.19491101609015
395.14945816400007
399.1079872760001
352.21507813599993
412.1396217520001
278.98759939609
387.17100477609006
573.1621480880001
384.117749248
470.24302420000004
426.19245142809007
464.05940572809004
171.125928784
233.152812228
381.1081778859101
577.2279424600902
299.143390416
302.14912381600004
192.101111004
449.1212679899999
292.02576732391003
410.22055744
168.00673253391
254.14747330808999
369.20524172399996
292.14567824799997
247.157228912
337.1287227200001
251.11709541599998
186.055990652
576.091945488
180.056863244
341.09251422391003
307.19172315609
416.184840628
435.1807582920001
269.1276601
403.155686416
224.09307174008998
302.19942807199993
188.025563116
349.08196313790995
302.139543846
332.06761795600005
279.14626404791005
581.1675494859999
313.11914275000004
469.24375247200004
383.1494581640001
388.1623292680001
231.992133516
285.11134134
269.152812228
269.173941596
334.06941069591
234.173213324
407.2069730400001
229.1215121
435.0844885580001
333.1450414800001
353.13755608800005
414.11102405599996
174.970429922
313.10759335200004
326.14912381600004
414.10340203618006
369.20255635600006
233.11808012999998
455.2208917880001
215.105862036
270.11684132
331.01839757791
436.18401198409003
241.13274547999998
372.12372023609
208.05006014600002
394.09683679208996
259.15870877609
242.07000148590998
278.10284232
457.24777523200004
226.17936132399998
252.122240372
320.10217362400005
231.12403752008998
374.18550932399995
374.0698279400001
360.2062447680001
83.04834715999999
508.1698559059999
333.127740352
406.10423068009
137.979260324
327.048397576
389.1561833560001
268.078267384
297.07282636
404.069159244
448.14464629
490.21893469200006
693.242129724
94.977405984
390.126280196
421.09168558000016
166.0299798
370.18657194400004
290.13599917209
206.141913196
352.24957238009
419.88917540799997
191.051718288
252.13749651199998
376.21593744191006
310.011973984
547.22995913209
329.027662132
449.2055102399101
537.188953626
376.16477388
272.06823563009
418.21251817609004
332.102173624
365.0793895800001
205.973112324
239.06711690008999
326.120132196
248.081360274
303.08637982191
431.15856004791004
437.128661878
429.2124523440001
491.101187644
313.07135031608993
400.2375448960001
438.1916573240001
370.189257312
355.05865413600003
410.23392231609006
410.12184019190994
205.02885134791
398.1967427040001
420.14887236409
177.055656304
226.168127944
371.2069730400001
270.11339630809
213.041737556
445.20949846009006
199.120843404
310.19138880809
271.18959166
294.19836545199996
206.07767894
230.062042474
198.02303769591
318.0685708
384.1463605420001
317.16002284800004
467.13647599218007
318.107652928
306.21680945199995
401.1097185920001
266.137890436
496.2335221360001
229.061627874
301.097502844
348.17975524799994
264.05435142191004
474.2015533120001
378.24007031609
454.22375155609
269.173941596
328.12265761608995
369.12257472000005
301.11834864591
301.215412484
286.09872805599997
357.03139383200005
395.22302328409006
304.215078136
342.17445295591
514.2309621760902
618.24514944
262.121846448
435.074972896
248.106196384
516.17384122409
414.21760355608995
236.13471964
245.06691656809
364.21318687209003
456.11815618809004
513.0426174899101
460.16814500800007
196.00164715391003
280.11928648809
419.08957393800006
233.152812228
349.13995610000006
309.241627232
339.174690544
256.215078136
406.07089056000007
347.23212516800004
495.19786490000007
297.06440821200005
461.17712945600016
352.218449264
430.186571944
452.13790750000004
416.1596885
426.10340203618006
136.100048384
226.09669431999998
213.015311484
351.1096406859999
411.18075829200006
217.050394494
547.1112553880001
242.105527688
581.33469897209
382.11896656000005
369.10731857999997
303.07178503600005
356.11340700400007
525.1289298120001
223.08579528799999
373.17988628191
297.241627232
454.1229057139999
448.1465375539099
353.085177008
334.08229748591015
283.18959166
472.07932374791
296.113407004
619.0770981360001
341.07365882409
416.127325752
309.209264484
351.107987276
371.0243080680001
415.08301215990997
447.23827316800003
286.086603812
292.02594375391
251.11709541599998
282.11906957599996
535.1546860160901
196.125200512
320.18484062799996
325.17713571209
259.09734468600004
488.23967013600003
534.1052835779999
426.24196158000007
389.140036352
425.15216059600004
384.18463731391
537.08364631609
708.2417953760001
391.0874176241801
345.28924612000003
734.1959078040001
356.20730738800006
210.082684068
356.131839752
420.28702050809005
370.05580796590993
406.131090804
340.16477388
296.20999275599996
325.06774098
158.016141304
300.0875082740001
247.168462292
373.998821592
330.18042394400004
381.258026244
410.0767437419099
259.168462292
160.074896256
418.0822974859101
451.06988751600005
224.131348512
224.116092372
257.05654249400004
295.225977168
355.19172315609006
251.11709541599998
364.16477388000004
331.10692465600005
332.10217362400005
379.0658441280001
403.18770039609
490.2189346920001
408.252526264
237.090211972
364.21318687209003
282.0367752
409.23654185199996
303.242295928
523.13479628
289.144294878
359.139367656
286.92030267790994
330.1110240560001
370.200490692
394.22564281999996
292.14567824799997
375.15977139609004
291.044263558
417.13797333209004
251.055873798
360.19580549208996
585.31648894818
563.14094428
433.13323672
280.03614139800004
294.13280505599994
306.0367752000001
457.21224902991
218.09240304409
511.13479628000005
318.144038436
151.08579528799999
194.12878855209
112.97254782009
100.10004838399999
420.14470713200006
535.0287418160001
277.12872272
265.113649848
113.99847577599999
228.041226778
177.1153641
138.09054632
342.12101780409
327.11366344600003
472.1719845000001
280.082106876
315.115381164
260.102173624
475.2080356600001
420.24129288399996
268.18082412409
337.09973110000004
387.13124814009
469.21286958809003
268.13578226
299.12699140399997
305.177964356
333.184112356
194.08037556
333.1450414800001
417.12257472000005
489.22368572400006
500.095781514
275.00917852391
582.1653102760899
365.195070964
322.13260174191004
206.043521688
240.16264864
280.070405132
637.1684385600901
571.124717024
205.15789760799998
359.23212516800004
400.144787384
269.1276601
194.08037556
283.114318544
299.152143532
244.95436607991002
372.12158874
282.11684132
448.197136628
348.09794754991003
383.18450628
523.1585255080902
65.003226808
344.1518262479999
182.08037556
334.121194816
254.97562656
379.02753101991
64.02154661208999
316.973518384
413.2287711040001
303.19467704
212.06658222009
465.14290998391004
190.08546094
362.14912381600004
625.1218200720001
417.12257472000005
217.10838745609
465.1815694600901
472.226311516
550.159291222
389.21369823199996
333.127740352
652.133229642
371.06745594591007
269.199093724
256.178692628
396.0884318879101
451.1426585320001
344.16371126
310.06045128409
414.180423944
280.182715388
355.14668129200004
157.073893212
425.146420118
326.199428072
326.0763528
286.117823688
390.89324748191
301.10625596
584.132167022
474.1375710640001
323.088476424
330.17321332399996
366.216809452
473.2044130800901
237.118735228
563.1409442800001
381.98877945200013
414.089894688
302.99286178799997
323.16337691200005
306.17321332399996
454.07344933209004
272.098334132
369.16483345600005
255.13148889609
127.98117288391
312.15673461609003
444.22816824008993
213.057197592
703.201327532
341.17480090191
406.200490692
467.1694903721801
526.1899430720001
270.148061196
344.14845511999994
410.06849054799994
275.19976242
153.053826464
377.0616313400001
351.219829168
440.09242010809004
152.058577496
457.1723188480001
315.06776227599994
344.164854132
438.12799109400004
148.11207586809
500.23967013600003
248.01518904191
249.07660924200002
325.17713571209003
338.98800281200005
353.06139110781993
360.14887236409004
299.10349268600004
325.07073948000004
439.17567291200015
178.06385348591
317.16821084009
335.06631307391007
392.196074008
195.071785036
693.242129724
356.09259365400004
405.21647510400004
384.23253976800004
687.1484199499101
275.11307265600004
360.08733472808996
342.14403843599996
482.046461972
70.053098192
85.08914935199999
664.215580628
281.144949976
299.17461029200007
473.17542146009004
277.943469072
412.156911628
240.093248752
365.978608692
349.13691071209007
130.12264055209
299.13822478400004
296.11695167791004
435.227039788
475.19893377609014
302.07635280000005
483.176735532
307.251129296
417.21647510400004
201.049803704
470.2411329360901
322.12601168008996
257.164045608
323.076687148
319.168462292
437.019616612
475.2769671840001
457.114609452
371.063084418
254.08123486591
244.99854953191004
291.034747896
230.06048582391
562.1365837059999
211.066699656
322.12298932000004
283.09906240400005
171.089543276
286.154209196
227.08236331799998
648.05992450809
149.084063972
428.260982772
836.217705868
294.07866130799994
428.1225088879101
331.20082504000004
324.223534644
274.05983072591
387.100125024
247.157228912
231.01763156591002
319.058654136
246.96664704
448.09702740200004
353.20843584009003
447.0982337600901
345.03381013200004
270.05767441209
320.214015516
424.10660737200004
339.08472931399996
123.02165432591
283.157228912
326.12751636190995
358.24810958
209.10519334
549.2097669760001
344.11544074
256.070873496
375.084868884
534.2101013240002
374.22189483200003
225.04407294809
240.111006992
212.061948624
443.1454354040001
601.0933389899999
500.23967013600003
200.061948624
436.118081508
280.12454888
474.2015533120001
278.178298704
415.120191772
168.126263132
258.06742792800003
575.2877487800899
163.08996052009
337.13691071209007
387.0612374160001
300.14550123608996
578.213849312
255.05401707391002
261.129968608
640.291722772
261.05506609591004
519.19951831
334.16544257600003
417.16885621600005
203.080709908
469.2437524720001
342.04544303200004
475.2080356600001
410.16452242809
412.23431624009004
269.177964356
129.1153641
285.158960228
448.17600726000006
309.176250104
193.11027872
434.1603571960001
220.088815004
252.049000992
354.18042394400004
377.1851749760001
156.996250746
239.18852904
288.13701842591
382.16221392009
512.1114179799999
430.24890368408995
288.00522362009
485.10516315999996
400.1896881540901
517.2418612080901
396.216140756
213.090211972
368.098150864
353.11240396
565.0842916920001
440.16708238800004
177.04345238991
527.1297109
371.12847126809
321.03621069609
206.02489442
479.10455877199985
435.2179379040901
284.113407004
404.196074008
429.15091470800013
220.088163372
287.19976242
525.1252942159999
256.144787384
192.024500496
573.150446344
525.1509147080001
343.12616276009
242.05138394
492.096436612
390.1240519400001
577.17018735191
383.07219602400005
248.036796496
307.091668516
307.114318544
333.13380810000007
374.153146576
377.1964083560001
702.0947925680001
458.09323127618
397.2014937360001
560.1150293401801
507.19378755408997
371.024308068
309.15109797599996
511.08638328791
409.14985208800005
434.1603571960001
258.09964820391
343.15406545791
389.23279386400003
383.02268587209005
553.181746472
376.09527723209004
295.179695672
379.26047141209006
303.19467704
429.0735100959101
350.12751636190995
275.12510014009
269.08554383609
370.05421122800004
390.13414244800003
484.09874512000005
483.176735532
353.23547923200005
375.133139404
435.1403500240001
331.062676896
565.0842916920001
278.153146576
503.1488065320001
163.110947416
253.098189812
208.084792244
182.141913196
337.13691071209007
345.04115025000004
272.99346415191
377.17239910000006
378.08776319190997
350.17575580809
311.052090916
168.093900384
247.07408382191
264.05435142191
255.046632908
329.1600228480001
341.210327104
368.20999275599996
375.133139404
264.0853865
260.054554736
281.1276601
379.09717114009
227.10373053991
310.997947168
399.20188766000007
268.14780974409
313.032747512
474.1676480680001
413.24482134809006
293.16026360399997
282.198365452
396.17573248800005
383.20697304000004
383.1678909119999
315.15915083791
289.134779216
370.082581052
258.01901493591004
334.08143818
60.032362748
395.17058753200007
292.133554004
399.12911954609007
307.0320241680001
314.185509324
443.18261501609004
429.05976489381993
392.061296992
289.96994886991
153.151749608
360.15460312
444.0863003918199
449.14569322399996
265.157897608
243.08685790799998
540.1016990039101
255.16042302808998
369.1800895960001
384.13684488000007
388.17937838800003
471.1767355320001
326.149123816
241.1215121
373.10873622400004
299.1269914040001
290.10528983409006
278.054755068
559.111765926
280.063011244
229.1215121
356.02893424399997
399.06701388409004
670.1720015640001
234.07712002
364.07651859218
232.086445654
372.26375964399995
290.10150492800005
268.007261036
436.08963351399996
289.16992509209
354.06677629599994
227.11709541599998
378.21680945200006
420.190988628
326.13002818399997
137.058911844
570.29356243209
294.91988745791
556.27791236809
499.99546752800006
319.07391027599994
205.07475251790999
359.055089416
475.031057396
571.169280802
321.057197592
493.1896087240001
273.184112356
275.12126064809
203.09273739209
306.2307282
295.054434318
281.13968758409
298.14108455209
264.076274894
347.0931829199101
516.1560829840902
431.15510326018006
406.155352068
601.183868246
289.08598589791
664.1270851080002
157.073893212
415.12569439609
325.11834864591
255.09040258191
342.19245142808995
223.110947416
351.18303226018
671.330550804
459.2382731680001
294.06663382391
499.18367763609007
226.077598688
311.257277296
300.137496512
362.125625098
318.09979067599994
346.28449508799997
373.14814409209004
328.11446962400004
339.15829153199996
337.16510822800007
387.22068847391
297.10481648
339.11538116400004
554.13534754009
313.12872272
350.14064100582
323.19787115609006
160.103419512
343.23721054800006
290.174275944
306.09068879208996
431.0743177979999
511.0828855640001
524.29736828
423.1807582920001
527.1297109
212.08104425599998
471.01049106399984
262.133395846
424.980729004
284.17494464
469.2549858520001
379.26047141209006
151.05130104391
173.070145224
667.1900941520003
280.215078136
567.1515834040001
650.199930564
343.14331016400007
508.13513062800007
284.15650064
467.137573152
258.05918535
293.13889348000004
400.02186554400004
446.15712854009
341.115775088
242.137890436
369.20737322009006
207.137162164
450.11841794400004
511.143801404
274.997947168
260.138559132
253.035138354
431.15856004791004
414.0665072280001
266.141913196
251.11709541599998
444.22816824009
247.157228912
176.978925976
424.15904312409
423.2521919160001
426.13011968800004
278.09961366409
244.178692628
516.1560829840902
528.1850746040901
267.173547672
399.18241170199997
127.0381764
199.132076784
284.209992756
525.1741755720901
387.15176667200006
345.18748348400004
576.1522337700002
388.189926008
476.20407873209
587.054301466
423.20591042000007
277.15387484800004
274.113984196
445.20949846009006
593.27316133609
441.2329708759101
270.157957184
429.1509147080001
292.1535405
224.127325752
332.128979162
400.2375448960001
196.09029486808998
302.11273830799996
450.24917220000003
305.210327104
203.080709908
388.2091641120901
292.13406454200003
235.110947416
354.2307282
189.12659748
295.175913668
304.189926008
240.075958876
577.27824671609
316.117154992
573.0508620920001
353.11577508799996
269.210327104
305.13889348000004
436.23352213600003
279.15256077609
336.12224037199996
330.13366436191
253.204179104
257.996310322
544.231152786
329.08341234000005
226.006481082
282.149204068
259.026291388
424.13559899200004
311.08871463209
406.19859942809006
476.19205124800004
247.96079884818
300.144707132
495.19786490000007
261.147726848
305.0622829720001
350.08758618
193.16992509208998
474.19966204809003
459.17752963609007
286.088832068
240.075958876
436.13175950000004
397.161085468
297.12422813
364.1743567520901
232.1133155
265.09015113
398.170253184
418.29652257209
342.09979067599994
366.11888630800007
360.2062447680001
411.215806408
233.152812228
216.101111004
436.0702218640001
298.19475993609
596.1441945060899
416.1596885
355.10857806599995
366.09979067600005
563.2029502800001
219.075624528
388.1129041001801
603.163132802
304.21507813599993
465.24883785200007
366.04544303200004
331.14331016400007
410.16452242809004
212.02133646
300.087508274
379.26047141209006
374.20877018809006
520.1944512600002
440.257611644
295.164439532
356.20810149208995
329.23279386400003
524.130045248
342.1700498699099
203.04162778
547.1460296600001
500.07590150000004
575.2029502800001
280.063011244
219.075624528
237.08234972
468.09471889400004
261.05506609591004
252.05435142191
405.21647510400004
351.0070839459099
539.1301792640002
317.173941596
224.04497476600002
273.0935831
336.12200251808997
283.10857806599995
385.1056043279999
423.958099652
257.13889348
225.00878459991
516.1116927520002
272.155849008
288.183778008
247.168462292
317.17205033209
501.26007123200003
293.11374135200003
441.1583085960001
310.168127944
456.22737413600004
492.1249598679999
403.24844392800003
450.0547488119099
292.189926008
95.013615062
272.173607248
233.062282972
346.09432497000006
430.186571944
217.113649848
501.19932770009007
226.12184644799999
539.161693322
302.121962036
161.12044948
365.06404764
335.07399052799997
279.158291532
452.160615016
372.22548287209
416.14656385609
338.17238468009003
539.28774878009
181.090292224
261.129968608
401.19238559600007
327.133139404
582.0722691979998
354.080425976
217.969089564
332.17281314391005
144.10190510809
321.0290555558199
350.072513308
436.233522136
341.013743384
501.22368572400006
98.94081716191
174.02303769591
467.26448791600006
447.17752963609
462.21278669200007
340.12265761609007
304.096025624
500.095781514
385.191913766
516.230745264
251.11709541599998
183.137162164
331.09503964400005
297.12257472000005
325.053765622
293.067775874
302.153146576
451.18367763609
601.2054757000901
702.2060785640002
450.07780578000006
552.2121179960001
493.170190254
382.20049069199996
561.152568118
474.21278669200007
423.2521919160001
299.03237508
216.03360237991
487.19680228000004
135.079647288
391.1855689000001
644.25036022809
335.026938788
356.0133543880001
241.1215121
451.144311942
244.07332101009
135.079647288
231.081933032
414.21491818809005
271.153206152
476.19944513600007
320.09208311599997
357.1453574979999
574.1825491840002
433.05473618591003
578.2258767960901
391.2120584200001
621.12173982
254.05138394
411.24950654800006
270.17108182791003
366.216809452
322.22966558
334.13501680409
420.0441841279099
464.272216152
154.020083812
709.1525715839999
402.21760355609
333.17373828190995
306.21760355609
350.16304256399997
320.214015516
216.13749651199998
355.11029578400013
359.23212516800004
315.99934211191004
338.13874974191003
671.330550804
316.10725900400007
302.19942807199993
538.145695312
279.14626404791005
308.00700104982
105.01108964191
351.05663981
363.22917128409006
306.07614948591004
260.16371126
284.209992756
187.084457896
337.11834864591
289.179026976
385.1307564559999
540.1730471200001
352.229682644
220.121177752
178.110613068
222.07931294
477.1736222240001
371.1342020240001
355.18048977609004
247.106924656
389.13659134009
309.0758151379099
448.21026127191
129.05571772791
303.12324341600004
465.20042485991
338.094980068
445.22341720809004
265.157897608
540.125428232
532.194767278
308.0674415260001
260.138559132
267.04615482191
279.148395544
269.06447195608996
282.07777044400007
424.17600726000006
586.172969214
393.1065244759101
403.155686416
249.057197592
472.2335221360001
318.08766643200005
421.211389724
307.25112929600004
308.07946901009007
241.1215121
484.04293823991003
280.132411132
302.08758618
409.07324158
419.15856004791016
222.119069576
453.2488378520001
338.1167610680001
519.0417109399999
328.16477388000004
382.10593867600005
363.08800078
276.09135748809
208.096025624
309.066202716
344.109567512
255.085520516
388.1495177400001
138.963275912
256.178692628
327.115381164
415.0327645760001
466.23780271600003
342.10930633799995
308.246378264
229.15466895209
175.136099544
264.087192256
462.122257436
310.07347916809
503.22621114409014
412.19982199599997
338.14912381600004
303.09618877209
426.11542952027
519.2090982800001
339.09022903600004
344.1042073599999
519.1978649000001
468.20301611209004
334.14108455209
406.2004906920001
309.230393852
398.14126156400005
293.235479232
253.204179104
454.16141981600003
278.09326235
352.15085513200006
356.221226136
339.00746427190995
302.19942807199993
299.152143532
458.156334436
403.164439532
206.04736118
265.1215121
525.1252942159999
362.1606732139999
226.12184644799999
292.118492384
293.063936382
439.1718334200001
339.19804816800007
553.0571299119999
389.14476670800013
365.0501940640001
294.2307282
167.03309102
474.17640118400004
333.15975433209
280.072526906
390.09373418
244.105921612
689.210829596
380.14993498409
256.096025624
144.960041668
312.18188674409
548.06064536
181.050394494
346.190594704
422.21066145200007
405.10306768818003
234.082684068
587.1898256360901
550.0898884319099
194.08037556
316.18992600799993
373.218783612
481.16335943618014
284.132491384
298.08670057191
325.14601259599993
349.05359207609
334.011703324
189.020812084
493.05121300399986
238.062138652
187.095691276
474.13428492009007
291.19467704
313.12488322800004
190.08546094
366.048063228
255.137162164
305.08341234000005
362.20877018809006
266.08791192009
318.159294576
589.0955250720001
209.11642672
369.1913229760001
264.137496512
337.06647648781995
265.153874848
291.067762276
370.2368762
404.20810149209
568.3142978760901
388.21844926399996
267.129299912
356.108046852
280.082106876
180.126263132
436.22631151600007
374.20279919999996
322.12298932000004
329.17205033209007
326.149123816
282.16008868009
332.07318200400005
678.231230692
515.264487916
393.1338081000001
330.08203243599996
473.065470832
400.237544896
449.1942768599101
197.10732483609
289.99184848191004
80.988449336
278.178298704
490.14781708600003
419.15282929200015
269.059913622
496.13513062799996
348.2062447680001
354.19434269199996
472.11863485609007
324.16985926
114.06807956
525.1509147080001
289.179026976
377.11326326590995
269.092928002
243.05212580999998
586.172969214
254.12799444799998
299.047695528
690.2060785640001
387.02661657600004
340.108401876
268.12454888
314.12751636191
385.1662511
325.165108228
249.15975433209
374.990231068
458.07347291200006
652.22627072009
349.108736224
274.08143818
360.15838802609
537.1616797240001
246.128965564
327.08889164399994
450.1321534239999
377.13217410000004
552.17384122409
213.00878459991
253.13274547999998
273.184112356
419.08658516009
396.173230388
392.17910987209
249.172878976
369.1661708480001
384.1463605420001
267.173547672
341.164045608
389.0334807120001
493.18960872400004
345.0783269599999
234.148061196
428.19205124800004
139.074561908
347.1606915440001
415.05076032591006
358.0695531679999
305.0986684800001
379.26047141209006
452.1326451080901
184.007149778
337.163770836
537.1616797240001
331.14331016400007
270.093917448
321.1573849820899
400.0508571640001
299.0144409158201
314.103158338
299.13822478400004
254.12913731999998
295.070070784
449.21753772400007
529.2298337240002
219.09040258191
272.06744152600004
284.173607248
486.183795072
295.12170270991
381.20335046009006
673.2535401159099
282.132805056
357.227708484
233.11808012999998
305.09127459200005
448.126019022
602.26092491209
286.125217576
357.1015878240901
416.07826112791
354.06089334590996
353.1699188360001
352.98883201200005
272.07891566200004
234.136827816
288.087508274
223.20484779999998
400.02052815199994
337.15387484800004
403.1253686560001
340.1205261199999
368.14931442590995
346.09432496999995
131.11788952009
425.231456472
552.2121179960001
303.19467704000004
454.19780532400006
427.05440324418004
224.023118504
333.25286061200006
212.120115132
446.21787207200003
563.0778653560001
143.01533278
208.10805310809
304.132411132
420.17402449209
378.17469318809003
344.1596885
316.128388372
399.1244830479099
300.09708824399996
373.13611660800007
438.15204316009
400.0508571640001
284.132491384
360.13347375200004
276.033364526
206.08226682391
398.19674270400003
347.159354152
179.01783488
537.1616797240001
397.16510822800007
441.1583085960001
335.232125168
317.08152107609
369.1453574979999
226.033819292
486.21278669200007
366.09979067599994
314.05073230799997
309.066202716
304.143644512
229.07726434
115.099714036
194.12878855209
304.11849238400004
537.150446344
252.085854864
337.13274548
395.17058753199996
487.12740239199996
525.102504618
203.131014164
335.0507296639099
419.1514919
255.06415329409
379.09717114009004
486.27432432800003
304.15109588800004
237.01696286991
334.19475993608995
313.15387484800004
172.14443861608999
352.11446962400004
548.20407873209
563.1425555160001
372.18463731391
254.08037556
547.136918054
258.122909068
472.070221864
296.246378264
254.108898816
491.12222025209
594.1507806920001
292.02999686399994
316.143644512
274.997947168
272.078915662
369.08766907609004
223.157228912
262.08143818
578.1233200560001
408.0004614040001
586.097753586
356.090940244
376.14951774
314.093642676
397.15724597600007
396.0348420118199
302.153146576
195.108170544
173.025897464
490.02664280000005
254.108898816
362.13782901209004
421.23385648400006
283.077933036
186.10044230799997
246.13848122599998
447.1225917840002
234.115698448
215.097999784
434.18148656399995
218.95637952009
282.103813436
331.10692465600005
407.21900052409006
402.09373418000007
232.132411132
378.04544303200004
477.08890870799996
487.2080356600001
301.14350077391
360.14887236409004
232.16879663999998
229.08678000199998
188.106196384
320.09431137199994
370.10006544800007
484.06069850400013
576.24527484809
437.05423745200005
509.1151234559999
150.042927432
405.12381435190997
315.133139404
241.204179104
247.050552652
273.0935831
317.16002284800004
362.170253184
421.0938170760901
417.2052417240001
320.02893424399997
242.105527688
396.164499108
215.08487514009
302.153146576
262.015592688
156.07675298009002
312.03484201182005
289.046611612
426.2491722000001
267.133139404
233.152812228
325.15904048
409.16297673191
395.23212516800004
673.200658836
229.1215121
744.3581625200001
552.161345376
690.2060785640002
490.23096217609003
220.100048384
274.044584308
406.10423068009004
436.1719845000001
260.098334132
256.096025624
276.11650961609
333.1450414800001
348.195011388
343.27359605600003
595.136918054
229.000266668
299.19976242
214.12184644799999
392.19607400800004
412.04350421218
567.072779976
450.13011968800004
321.09742259200004
265.07309910791
323.15300283791
522.1632765400901
257.06966713791
302.210661452
308.18886338799996
516.1116927520001
390.08439206391
370.15018643600007
268.06531628600004
217.056134972
393.1338081000001
259.14747539609
298.190594704
324.15076362799994
594.1910056920001
484.10086689400003
481.018177132
536.1939882240899
281.081694622
405.27612147609005
468.2922829
179.080709908
327.07026640008996
282.03018400791
300.07933000400004
326.21145555608996
320.09431137199994
354.144038436
451.15052078400004
296.18484062799996
243.158291532
547.0628845699099
172.040164158
386.98851335
481.12020883599996
265.096359972
400.1317594999999
177.12659748
701.210829596
409.157245976
539.28774878009
312.033421136
327.0789956560001
307.077933036
340.13468510018004
174.09054632
393.131679506
382.182732452
302.185509324
426.24196158
165.04345238991
590.2258767960901
220.121177752
466.1535575640001
468.1692076280001
341.17205033209
329.1367619839101
284.00354188382
459.15347466791
77.027691968
297.12422813
254.199428072
560.041814196
243.112010036
218.090271548
397.1287227200001
205.13164832017998
222.111675688
364.95403558800007
389.03487275200007
229.142641468
366.15881648990995
307.15241204791005
359.074242536
299.18852904
337.03606196791
606.208763932
387.22068847391
377.21180696809
255.025876168
453.1219230880001
350.0504920758199
530.0041718079999
667.16683328791
453.043651472
212.15247788
192.046967256
579.1855995620001
374.16035719600006
290.153146576
325.15904048
242.04925244391
380.14272436409004
519.1688732800001
508.16985590599995
506.27538694799995
338.0763528
242.043990052
341.06726533600005
312.241292884
271.987048136
357.10865597200007
173.068807832
222.04416706391
125.084063972
266.09742758209
404.23245951599995
362.18550932400007
531.1992022920001
214.12184644799999
275.98196275600003
188.025563116
152.08183836009
345.13584183599994
217.067368352
277.124883228
433.157245976
386.11714228782006
433.16108546800007
416.23325362008995
325.15198358409003
418.20599331609003
178.110613068
242.072513308
244.07332101008998
603.163132802
300.133005388
296.132491384
231.112010036
279.20591042
99.068413908
288.00522362009
175.066699656
207.125928784
323.99732778591004
142.05646932
229.040674936
122.00125322991
214.168127944
579.1727127720001
358.21172407200004
297.07643569609
532.0752464020001
293.210327104
472.2091641120901
423.24566705600006
176.069810876
402.212786692
511.09887913600005
204.074621484
281.09127459200005
131.999348368
292.215078136
602.12960706209
372.097088244
209.11642672
471.1767355320001
380.14272436409
363.96050145391
292.973518384
414.12878432009
401.1058791000001
316.189926008
310.179361324
296.127325752
293.11374135200003
673.346200868
319.09906240399994
300.09324875199997
367.08301215990997
457.1982650800901
472.11863485609007
515.18261501609
442.20770131200004
209.045309114
234.115698448
466.31301834400006
239.98897429391002
263.134385292
537.1616797240001
382.1151383200001
416.20810149209
240.126263132
243.075624528
290.10528983409006
327.13830503599996
390.2055760720001
330.111024056
312.996362004
342.1089903200001
74.07127367608999
219.02965905
263.12912290009
304.078267384
145.089149352
298.03168982000005
319.95976451191
255.05463763209
269.09866848
247.13373019399998
361.21352122009006
425.23358796809
122.013280714
481.16510822800007
234.16008868008998
328.10725900399996
531.2090982800001
250.08546094
324.0837253920001
549.1014045560901
332.10217362400005
226.02918569591
412.1396217520001
217.113649848
355.17297629199993
340.1084018760001
260.056208146
460.08339222009
338.08891232
336.089225992
346.15837442809
303.125277152
341.14305871209
476.101521992
280.15756325999996
396.052840484
427.12725991991016
224.08458892990998
334.179361324
351.06952694399996
353.157326228
206.116761068
353.144766708
285.11134134
518.184857692
275.068824896
379.15241204791
315.1946770400001
369.1800895960001
381.12192308800013
347.06075874799996
369.08766907609004
180.089877624
281.11808013
411.1192206560001
251.12912290008998
380.0666474219101
544.21906010009
305.08341234
399.1443727840001
561.2092236880901
368.14931442591006
446.18148656400007
145.029441556
346.16544257600003
545.130379596
123.07964728799999
405.237604472
165.090211972
399.2171438000001
366.0513776839099
512.1901599840902
458.1935140480901
306.17321332399996
203.107691876
412.23431624009004
311.99159703000004
409.23867334809006
362.02799648000007
114.11569844799999
532.0752464020001
353.1699188360001
431.1202832760001
202.0702048
484.19793073209
387.1946770400001
360.15460312
446.152494944
411.2495065480001
248.97985046791
163.01674537591
228.101111004
348.97286328600006
194.08439832
574.1131492960001
318.92073817200003
491.1898256360901
329.21032710400004
142.029775904
502.15355756400004
360.18140865799995
357.11855196000005
414.205576072
399.1339987099101
348.14470713200006
270.157957184
546.23471016409
328.08565154991004
323.057591516
536.146912624
476.14766101591
254.14002193208998
392.07816436800005
527.1600399120001
322.154209196
446.15712854009
173.035413126
581.0745084079099
425.1860342819101
301.17713571209003
189.092041812
273.05145711399996
254.108898816
135.079647288
577.20413830809
396.0292900641801
331.1102957840001
273.176250104
253.179026976
632.1749038440902
183.125928784
384.144707132
469.161085468
281.13889348000004
350.06109868409
139.074561908
303.09040258191
224.098334132
212.061948624
331.062676896
182.141913196
425.26515661200006
385.2226231040001
282.11332909800007
442.276632836
101.084063972
564.1738412240901
441.25623174000003
226.113984196
461.242689852
499.19491101609015
359.110944062
343.20082504000004
397.20149373600003
357.06440821200005
369.08553758
312.08585486399994
545.215168374
373.17988628191006
296.16371126
295.054434318
199.136099544
352.08414061199994
239.090605896
151.030314148
241.13353958409
135.02165432591002
431.15935415200005
336.16985926
399.19944304800003
207.100776656
322.02932816799995
382.10006544800007
392.11127841
336.16985926
581.079206312
128.131348512
259.95151990982004
290.101504928
314.13789043599996
353.2084358400901
418.08809545191
382.12905706800007
346.18273245200004
296.127325752
477.08890870799996
329.137556088
254.199428072
242.99201107391
552.1725787560001
346.28449508799997
342.02314860991004
424.1407646240001
273.05145711399996
533.2148523560002
468.14484960409004
210.021146432
389.23633853791
437.206304344
194.12878855209
329.22156048400007
214.110613068
317.08725183200005
451.18770039609007
458.2438183040899
286.19475993608995
159.089543276
394.06932503618003
412.23431624009
375.13710074009
484.06069850400013
341.1137413520001
319.983025376
387.14437278400004
270.136827816
310.26202832799993
376.15330264609
354.9778804200001
511.2080356600001
327.14437278400004
425.171496984
439.2444211680001
218.14002193208998
460.2196033880001
637.2054757000901
309.10481648000007
309.26677936000004
284.18886338799996
231.11091287617998
266.137890436
232.03558804991002
385.07640881199995
532.2294993760001
310.26202832799993
339.05587726399995
350.174275944
277.086269464
297.11134133999997
602.2721582920901
335.06024532590993
355.0507918839999
630.2047411720002
203.03395032590998
134.049842652
556.240732756
314.11273830799996
244.15756326
322.07106410591
376.14951774
295.08342593800006
385.010966512
402.205576072
579.1068672800001
340.1205261199999
390.13414244800003
342.10930633799995
309.147726848
378.17469318809003
507.1628167840001
427.0406580420901
600.28166035609
329.150442878
327.11788326400006
310.12771967599997
483.1302595160001
410.92083118000005
304.189926008
446.2411329360901
207.137162164
237.040223734
368.14420422818
148.100048384
100.063662876
279.107987276
487.0426059160001
204.99953688991
444.1174235079101
431.0948363299099
491.21497776409007
366.0956254439101
257.09866848
500.07590150000004
423.25432341209
447.20188766000007
184.96962221991
540.1850746040901
331.1548595619999
338.08891232
677.377500996
462.18842866809
246.148061196
409.236541852
228.05435142190998
292.237544896
516.194359756
563.1409442800001
271.18386090409
350.13215968008996
113.084063972
478.16141981600003
512.130045248
445.157245976
237.118735228
500.19015998409014
296.127325752
500.19015998409014
458.1935140480901
361.10773582408996
428.23325362008995
312.08733472809
347.07299012809
447.12448304791
186.09054632
251.11709541599998
416.12250888791004
196.16959074409
344.192234516
462.18379507200007
392.13870160409
358.24810958
433.1328879520901
375.141676164
190.940432292
271.21687528409
394.094705296
298.13150458209
492.1692076280001
335.149458164
309.01427750191
371.18663777609004
348.11650961609
230.08037556
126.104465068
583.31396352809
401.19238559600007
377.1081530681801
409.149852088
491.0880630000901
276.05112276600005
432.01726258009006
296.09342050800007
440.20810149209
232.15756326
393.16233135600004
315.16952491200004
225.10144535199998
521.1593712160001
446.2218948320001
272.056208146
409.12200334
233.12766009999999
244.15567199608998
378.23793882
273.149380258
406.2368762
382.99532019609
188.106196384
583.136918054
274.09783719200004
535.233187788
334.14634694399996
441.16806211191005
345.0411502500001
455.18261501609004
433.24777523200004
271.18959166
517.2298337240001
404.2436928960001
434.1239716880001
465.08553758000005
257.08090051791004
212.15247788
387.17369014409
237.13862496408998
477.1873002160001
258.96664704
223.994910388
184.03007365000002
248.094963004
244.15567199608998
386.16641369200005
730.143794326
243.075624528
550.0171174159099
195.071785036
363.078995656
290.185509324
339.16952491200004
273.158960228
321.09742259200004
269.10605264591
326.98685994
390.165167804
215.069476528
397.1287227200001
595.180514182
140.040819256
433.1254940640901
324.137496512
326.123971688
414.14740956400004
547.098879136
435.176735532
435.1807582920001
378.04544303200004
329.150442878
495.13585889999996
161.070145224
288.056863244
481.1651082280001
403.18386090409007
213.045964212
313.12265497199996
587.2612592600899
254.072513308
270.07694359000004
346.18846320791005
301.17713571209003
338.121962036
311.246043916
375.08800078
278.091924958
618.1579913119999
255.05401707391002
325.0845870819999
443.24415265209
213.057197592
295.132076784
410.0805180320899
331.110295784
332.232459516
307.14534390000006
333.187483484
454.13242819600003
292.132411132
264.133473752
514.2309621760902
317.100954224
285.158960228
452.22012897618
482.1008532959999
231.01934928391
213.00878459991
366.90687407200005
325.14866640591003
374.20877018809006
411.036512564
410.89809535200004
304.078640012
327.098332044
277.15387484800004
209.045309114
329.1137413520001
362.19674270400003
372.07799261199995
298.142975816
236.127325752
337.12951682409
601.193448216
303.137162164
409.12659122391005
268.121177752
525.1145292
359.990565416
298.03302809
331.12805402400005
455.22089178799996
229.13274547999998
299.13822478400004
310.061451684
558.23471016409
281.12931351
365.13217410000004
455.2281024080001
322.12298932000004
287.13712762418004
383.12046654400007
237.04933534
436.14683237200006
376.128388372
707.2577797880001
214.110613068
151.12297490009
236.094963004
209.02204824991
165.045964212
235.157228912
291.159944942
312.14086764
360.05033838400004
281.041526232
345.205241724
547.18069745
335.06024532590993
177.12659748
383.14945816400007
342.099790676
351.11617526809005
341.164045608
246.99942154200002
492.12676562400014
299.1269914040001
348.10448213200004
450.107652928
495.0994733919999
266.108898816
408.99784186809
363.15256077609007
122.03671800808999
288.073262256
394.1964679320001
258.140198944
413.26515661200006
345.15493746800007
311.08218977209003
365.13217410000004
324.094643632
278.149123816
316.097168496
284.15650064
600.1850746040901
467.106605284
477.05981060600004
429.1429099839101
289.15387484800004
669.1693587080001
461.242689852
170.141913196
298.05983072591
404.20810149209
465.16294219209004
321.162331356
484.18401198409003
454.08818043599996
311.09799978399997
334.2368762
469.15099496000005
425.21753772400007
226.12184644799999
255.05866039209
249.085720848
408.0598472080001
423.038587388
492.25973688400006
389.14305871209
259.072192558
359.19573966
307.179695672
449.08488248199995
208.03803266191
337.13037613
288.183778008
366.11281856
309.12257472000005
267.07562452800005
362.2218948320001
342.12101780409006
338.08891232
245.012219472
225.10144535199998
467.26448791600006
424.06964701799996
414.23684166018006
405.137179228
229.1215121
446.0412089480001
337.16510822800007
382.07278182391
266.116761068
432.13911884818
420.1658365
163.10198800418
342.1089903200001
341.16483971209004
343.27359605600003
201.020812084
251.109233164
330.0885572959999
259.033685276
516.194359756
328.1647738799999
239.18852904
202.004827672
450.16327654009007
524.2284367560001
444.0730789880001
392.109567512
148.100048384
159.988762388
368.14443236000005
595.1134836440001
306.148061196
509.16126247991
197.954108196
475.2120584200002
358.00390697200004
564.2829977480901
285.07832696
222.05753194
259.106924656
381.0313938320001
283.143310164
362.911959452
338.09175141209
489.21245234400004
396.12561150000005
174.09054632
365.1999530299099
269.1276601
344.06782185199995
230.99499126
203.080709908
287.11709541600004
289.06751082409
403.18770039609007
268.143644512
351.1443727840001
299.017097448
270.115698448
274.106590308
704.246880756
396.0983278759099
269.08341234
338.0313109359099
367.172976292
318.180423944
476.27221615200006
357.17098771209004
433.20503840991
720.3509519
228.101111004
605.1462465720901
406.13109080399994
284.173607248
532.1260190219999
351.06952694399996
327.137162164
244.096025624
248.098334132
300.137496512
398.1100529400001
341.100379378
384.23940162008995
287.101839276
194.07079559
207.064391148
391.1855689000001
343.043312196
364.1647738799999
333.1450414800001
429.09689280409003
602.1678838339999
432.14068437200007
438.15204316009
369.25286061200006
306.205576072
178.12184644799999
197.10330207609
254.072513308
399.21714380000003
533.14208134
424.19713662800007
493.2549858520001
245.0874351
554.1410782960002
282.082684068
192.072119384
295.04240683391
614.2007246680901
256.950996976
311.052090916
216.056863244
334.98866201609
464.14364115800004
423.17862679591
285.12257472000005
176.069810876
406.04384769191
322.09872805599997
282.115698448
166.07422756
470.2411329360901
280.09939675199996
483.17289604
315.113152908
367.12019177199994
243.14918964809
373.13611660800007
350.174275944
143.00158757791002
504.1749412859999
449.13487072000015
322.05244655999996
300.097088244
230.116761068
505.2054757000901
347.1858436720001
241.204179104
193.010226104
197.06636322
232.13657636409
443.09312149600004
493.099079468
204.102940844
367.20082504000004
539.1914790460901
290.08540009800004
434.0676964439101
234.06571021
448.21026127191004
371.05318843
340.12265761609007
338.185509324
267.112010036
441.147075216
287.126991404
131.999348368
486.21278669200007
272.127325752
343.164439532
189.12659748
469.1246999600001
321.10865597200007
317.185174976
114.06807956
380.11340700400007
282.063024842
527.1890315320002
334.12298932000004
231.18557515608998
407.09645728799995
304.13320523608996
371.18615968999995
322.12298932000004
339.05336544191
241.15789760799998
548.120933642
356.1596885
308.140592868
407.19573966
219.075624528
683.1850087720002
350.0545718
202.146998576
319.11815803600007
386.20663869200007
398.17575580809
298.09872805599997
690.2060785640001
373.17988628191006
289.10546185591005
385.14350077391
396.21614075599996
280.03975037991
417.13945319618006
360.20624476800003
226.016061052
311.03646214800006
348.195011388
203.99697901800002
366.205576072
403.114318544
443.12222025209
196.100048384
188.036796496
171.104799416
336.15862588
523.1563940120001
299.17461029200007
244.15756326
360.10045937199993
406.200490692
188.02305129391
397.20149373600015
454.22375155609006
584.132167022
496.09874512
274.154209196
353.13182533209
305.221560484
237.118735228
502.134139094
263.010841656
425.1600228480001
548.1209336420001
251.11709541599998
208.132411132
440.1112140840001
339.08416128799996
301.12488322800004
361.182398104
268.12454888
265.04998071591
201.090211972
444.11742350791013
451.19680228000004
587.168218182
271.114318544
246.082684068
179.025228768
99.948093614
368.11340700400007
558.1416690859999
332.17281314391005
288.02748446000004
237.040223734
297.07282636
182.02410031591
525.133156468
309.0263049859999
312.14086764
345.0201604520001
551.024393868
802.2068664120001
207.125928784
355.21205842000006
389.1097185920001
380.20810149209007
486.21278669200007
339.19278577609003
257.164045608
263.126991404
420.27578712809003
195.067762276
285.127740352
385.19826508009
475.27696718400006
222.06571021
249.12100919617998
259.16060004
193.11027872
296.14845512
487.106273024
289.08849772
259.012555908
344.08858061609004
327.16952491200004
489.138890126
420.0004614040001
170.908653496
450.212786692
243.989771864
507.2382731680001
166.08546094
702.2181060480901
153.078978592
139.074561908
504.2094326280002
111.068413908
297.07643569609
510.1723813260899
136.125200512
454.14311828809
544.2407327560002
239.061614276
143.073499288
336.12224037199996
325.11748934
379.1756729120001
397.15724597600007
226.106590308
273.11220064591
384.216140756
242.08202896999998
437.15044287800004
324.12224037199996
373.998821592
398.1007108239101
277.08849772
413.26131712
323.99319613600005
432.14470713200006
482.1542058419999
261.1153641
373.218783612
299.101839276
345.1316766039101
474.12855416418
321.15975433209
378.17067042809003
332.079055232
332.0500636119999
301.17713571209003
498.18629717199997
522.02927384591
379.26047141209006
416.1596885
460.2196033880001
369.180089596
466.2077013120001
178.110613068
378.09979067599994
702.2060785640002
428.14656385609004
290.08151843200005
330.19245142808995
243.112010036
291.08013852799996
280.182715388
327.13124814009
543.24627789209
375.227039788
295.225977168
434.14510105600004
250.10824371799998
318.06663382391
408.14257563591
511.061777688
272.99346415191
709.1525715839999
356.1194635
334.179361324
338.174275944
259.14747539609
326.06597872591
341.13353332800006
262.025753144
342.07866130799994
443.05100523209006
213.086189212
309.13380810000007
408.98581438400004
463.17904404000006
516.976292748
537.188953626
399.15640026809007
359.1705875320001
402.13528532000004
256.070873496
175.08579528799999
434.15822569990996
159.02227488409
480.16583650000007
288.183778008
511.06335293391004
311.257277296
336.21614075599996
563.2183488920899
280.215078136
325.05548333999997
368.0862452240001
503.08514030200007
239.98897429391002
380.221226136
229.1215121
325.11834864591003
468.13461662400005
266.13215968009
517.1471667200001
186.136827816
262.142975816
369.187483484
259.077933036
243.137162164
299.13822478400004
268.149701008
521.1593712160001
289.11175858409007
457.15535471209006
278.091924958
321.0974225920001
255.14839554399998
493.24375247200015
579.20909828
303.19467704000004
285.036440852
297.241627232
326.092751812
353.12780257208993
178.12184644799999
549.089377072
351.15829153199996
565.1053664740901
411.146202624
330.069137948
350.067599684
207.07751579191
402.24007031609005
477.20672158809003
316.09716849600005
338.17238468009003
319.06533070590996
205.086956432
347.10923316400005
309.08784262200004
227.09273739209
601.183868246
555.125093884
365.13487072000004
561.0929217459101
652.133229642
399.1443727840001
271.096834148
450.1321534239999
305.15395509999996
334.24810958
412.19713662800007
452.221226136
443.9891733760001
187.9255105
401.173941596
471.12338588809007
296.0674415260001
323.148120772
323.19573966
597.152568118
196.125200512
222.029324702
410.22055744
195.12403752008998
511.143801404
406.1324281960001
646.2360413000001
583.31396352809
258.173213324
433.15198358409015
247.136099544
233.152812228
405.94056357999995
276.03909528191
306.148061196
197.095297352
336.06156204191
236.065971384
305.152812228
246.173213324
213.949022816
212.08104425599998
425.23358796809
281.13968758409
592.229499376
290.15266848991
476.12061762400015
507.06686306799986
252.126263132
288.087508274
406.03237355591
338.0313109359099
354.128782296
265.179026976
513.1411611920901
128.094963004
285.19951096809
245.930840556
404.140592868
472.22631151600007
419.1454354040001
260.15650064
534.1052835779999
185.095297352
274.146998576
169.09825123591
123.07964728799999
461.1792609520901
309.1338081
105.06122035199999
336.133005388
206.105527688
385.14412133209
510.17238132609
375.15977139609004
579.1951795320001
561.11618261
489.2236857240001
283.11682064400003
484.1840119840901
297.06440821200005
490.23285344
206.087769448
455.21900052409006
348.223534644
368.14931442590995
506.1788011960001
140.038591
206.08037556
172.088815004
351.1001250239999
270.115698448
338.09498006800004
268.99127662399997
405.27612147609005
300.11234438400004
262.117823688
444.0730789880001
350.174275944
198.09471155209
369.14535749799995
356.19473661599994
373.16927346009004
439.221954408
136.063662876
413.2613171200001
286.19475993608995
479.03556294000003
186.055990652
245.13968758408998
269.162708216
707.173775392
342.16008868009
500.0676406080901
392.1709218800001
407.005212436
321.05431770399997
348.93743022773
291.19467704
186.100442308
434.18148656399995
353.16483971209
309.12068345609003
583.1791865120899
186.09054632
261.10481648
405.19132297600004
527.2141836600001
414.1706704280901
77.029920224
329.17205033209
219.137162164
317.13889348000004
186.04629856
260.09047188
280.09939675199996
475.27696718400006
376.13692513200004
399.09778963190996
267.15640026809
310.179361324
225.12659748
519.2090982800001
472.09623329791003
168.064725496
271.11094741600004
162.00740122991
355.04875814800005
194.141913196
233.152812228
484.10086689400003
318.205576072
431.17058753200007
230.134050944
467.1957396600001
305.16483971209
562.100198198
592.2051413520901
446.16452242809004
287.109233164
299.10349268600004
280.14230712
305.13889348000004
320.15010852999995
448.06809036790986
408.11931477182
304.21507813599993
255.06525045390998
411.21580640799993
413.07536682000006
375.03308678800005
417.15493746800007
485.99321117590995
455.27188180400003
268.178692628
282.16919056399996
309.184112356
214.050905272
373.15387484800004
225.08234972
274.0026982
185.095297352
383.13822478400004
447.227039788
254.08037556
438.0607198
147.96275954591
758.2071411840001
607.1307735199999
325.06774098
404.105544752
319.114318544
451.2444211680001
183.125928784
382.19475993608995
445.1458293280001
331.1102957840001
330.17908655199994
529.120208836
354.04351543190995
303.13881557400003
235.08593776009
326.1184144780001
266.141913196
470.23900144000004
373.13611660800007
103.045570288
411.24950654800006
247.097344686
225.10561058409
171.03288770590999
405.1470752160001
462.21278669200007
266.98759939609
478.24408682000006
427.18770039609007
471.2033675240901
390.13201095191005
463.1716501520001
343.03042506200006
304.16959074409
270.0367752
336.18525787209
326.133867676
205.10838745609
439.2331877880001
135.104799416
270.18524080809
224.054554736
289.98197635400004
274.135765196
322.08143818
262.050218304
436.18590324800005
283.118158036
567.14835474809
206.05876810591
252.101111004
261.1338081
225.11347283608998
284.18886338799996
286.07899356800004
224.094963004
290.210661452
379.17567291200004
265.07309910791
384.00046140399996
425.1092502280001
446.110368958
309.114137622
356.0524252640001
411.09875607391007
430.11082074191
297.205241724
320.96843300399996
200.116092372
296.14845512
270.194342692
456.08654062400007
324.12224037199996
255.137162164
364.0046045038199
298.215746832
371.149458164
291.133139404
319.12170270991
194.12878855209
228.13749651199998
386.104876056
278.103158338
186.09054632
427.06811809618006
338.0392950320001
359.0381721680001
442.07906883000004
309.05500467199994
357.04510868399996
531.0527138099098
179.01320128391
363.1443727840001
431.06457400418003
221.11642672
359.12847126809
295.20082504000004
164.97756472391
305.140927216
203.04958679191
280.15756325999996
374.0927518120001
309.07743609600004
504.1497862559101
423.078995656
461.1792609520901
437.188546104
197.10732483609
127.05457541199999
415.131425152
385.1287227200001
296.11946349999994
475.14838928791
122.08439831999999
361.13611660800007
535.1671590279998
240.99625074600002
327.115381164
462.24917220000003
97.08914935199999
253.096359972
450.16729930009
596.020881026
618.1836118040002
598.0766994799999
198.98304402791
527.1890315320002
260.982297104
344.184840628
310.22564281999996
254.108898816
482.10219068800006
173.068807832
393.035409772
468.25973688400006
438.183795072
340.054945096
291.19467704000004
172.14443861608999
532.2732787720001
487.15389191200006
460.10660737200004
388.14780974409
609.31490074
263.109233164
532.273278772
279.02886494591
605.224748344
575.1318326740002
359.024308068
602.26092491209
357.09945632800003
345.974915352
261.08784262200004
292.143644512
284.057861556
372.11248685609
381.16483345600005
446.10298479209007
271.118158036
404.19686811209
734.19670190809
277.04064097809
263.109233164
258.122909068
383.12046654400007
149.060741684
366.0721821601801
193.085126592
325.11748934
323.17461029199995
223.20484779999998
386.04884104409
279.137162164
242.072513308
347.12046654400007
486.15864294400006
324.115715512
228.126263132
441.14101872000015
532.273278772
409.02683348809006
306.23072819999993
586.1317765640001
442.16331107991
378.19520199791
248.131348512
531.1163407680001
365.18517497600004
299.12699140399997
439.17567291200015
390.08202271391
373.17988628191006
601.1128149479999
268.03975037991
337.163770836
325.153874848
503.039650008
467.11815468199995
285.07832696
544.1351306280001
288.112344384
378.17469318809003
441.004700416
499.24442116800003
425.1081530681801
477.0300248819101
283.19361442
209.11642672
476.228436756
259.09734468600004
355.09906240400005
238.131742436
554.2250826920001
490.0266428
274.171499072
288.977211724
203.080709908
210.082684068
293.12766010000007
429.11282120409
288.112344384
149.12044948
176.940095856
500.19095408818004
454.19073717608995
351.14791745790995
301.204179104
396.20222200800004
270.115698448
356.0670277479099
317.092417464
167.02919010409
270.148061196
151.074561908
181.048741084
292.02576732391003
398.17575580809
256.096025624
455.2208917880001
392.12667411999985
401.1550861961801
242.105527688
260.08458892991
591.2211257640901
242.005475072
464.20218746818006
421.1399561000001
255.12403752008998
381.05646387800005
142.020083812
408.14733107609004
105.06122035199999
279.16952491200004
390.20368480809003
294.2307282
177.11347283609
283.18959166
241.0595061
242.199428072
278.89419918791
369.252860612
399.20188766
353.11577508799996
424.104889654
322.129057068
220.059171752
376.95173738400007
321.16885621600005
522.1143951839999
221.02376596791
474.201553312
568.1509976040901
409.157245976
417.13797333209004
418.29652257209
449.16821084009007
325.11748934
475.19893377609003
288.195011388
253.11962083608998
448.1197320159101
449.19427685990996
103.063328528
518.2100098200001
530.2100098200001
307.13331641591003
300.133473752
205.10838745609
311.163376912
296.171162636
442.07906883
326.16304256399997
257.189197736
373.1790269760001
467.20295028000004
370.1865719440001
282.103813436
308.102173624
436.1719845000001
364.17955193391
392.0839372979099
340.110630132
279.15256077609
293.15092096409
325.182398104
587.168218182
500.17892660409007
146.087769448
331.20082504000004
435.2171438000001
535.1790440400001
185.979260324
438.201553312
370.164105184
578.115457804
252.183778008
172.084792244
166.07422756
354.135972288
329.185174976
281.12931351
443.24415265209007
295.09569127599997
257.13968758409
202.12184644799999
353.235479232
274.113984196
310.01919194781993
310.12771967599997
380.209992756
176.99755121991
516.1618137400001
242.072513308
347.1837121759101
419.11871775218003
213.090211972
275.19976242
424.266068152
239.101839276
209.00429000991
295.03501294591
258.122909068
294.08652356000005
261.11934606409
225.08234972
148.100048384
498.11439518400005
329.06399387000005
276.033540956
449.15765349800006
324.16985925999995
347.0879205280001
501.26007123200003
116.039277968
390.13528532000004
412.10929274
271.18959166
299.09397702399997
407.11307265600004
681.205744216
348.16985925999995
291.0322360739099
283.99277889191006
245.06691656809
271.089166416
158.12878855209
401.13566482409
273.14583558409004
382.0826778119099
246.03592448591002
253.99179708
338.09175141209
359.139367656
224.99920462991
294.159294576
252.101111004
291.102430066
412.1396217520001
270.148061196
410.08051803209
284.16371126
350.16390186991
440.196074008
284.096105876
334.09621623390996
343.18770039609
398.116109436
374.174275944
507.12338588809007
195.01934928391
450.17640118400004
377.19995302991
396.0195570360001
472.10086689400003
414.172561692
516.1631511320002
336.12309967791003
198.018449812
361.09973110000004
573.1741755720901
284.209992756
359.19573966
508.16985590599995
234.148061196
375.22068847391
92.998141428
348.13749651200004
255.14839554399998
307.110295784
436.16477388
432.08843188791013
292.133554004
399.100125024
329.1442015840899
313.04173813791004
384.14086764000007
227.105862036
371.145435404
311.122968644
243.121906024
371.2098986401801
178.010560452
281.1276601
183.04491518999998
299.149458164
294.132805056
452.18484062799996
247.168462292
375.971963752
307.09300590800007
428.14576975200015
281.13889348000004
284.127325752
328.12265761609007
477.08553758
404.07826112791
342.103813436
369.10817788591
199.97880353391002
385.20149373600003
500.19015998409014
532.1562599959999
344.04917274800005
278.116761068
307.09906240399994
424.1165033599999
272.102173624
125.029920224
402.2531949600001
298.148141448
575.131832674
272.13471964
358.0769470559999
125.058911844
341.20843584009003
604.1704092540899
460.19713662800007
209.141578848
265.916775656
167.9534395
465.159962006
291.159944942
117.042593084
291.0305183559101
420.13471338390997
397.23867334809006
432.09259712
255.137162164
602.1678838339999
404.20565688009003
527.179451562
359.110944062
245.08169462200001
373.13995610000006
466.24408682000006
604.2415268600902
340.158706132
323.11307265600004
248.17573874408998
384.16852186799997
416.1225088879101
256.121177752
551.166096408
194.116761068
143.025024872
267.129299912
248.061948624
261.184112356
126.14085057599999
329.17205033209007
593.026892404
309.22049786400004
382.10807017209
415.16591939609003
391.1855689000001
328.15354049999996
254.07062204409
541.108975456
231.01934928391
557.1308479600001
503.15698480199995
292.189926008
334.129057068
437.07749831609004
321.1338081
104.039277968
425.23145647200005
283.179695672
165.045964212
507.105107388
246.092580056
232.10725900399999
454.1622139200901
321.07282636
327.14791745791
240.12437186808998
365.24482134809006
403.0725413259101
241.11962083608998
348.972863286
193.969089564
420.1770698800001
310.0680753280001
417.092931468
441.1492067120902
207.104799416
453.183460724
437.08873169609006
232.082347632
538.20197055609
454.10807017209
403.20082504000004
481.133804746
455.27188180400003
369.180089596
245.07028769609
205.089149352
276.02133704191004
410.185509324
394.13242819600003
323.1434871759101
336.18463731390995
258.136827816
59.03711378
164.094963004
216.064725496
244.132411132
455.16272528
435.074972896
328.10929273999994
332.05579436791004
287.18450628000005
513.117900328
290.10487605599997
457.1441213320901
354.08766643200005
507.23827316800015
210.09471155209
458.1637283240001
226.113984196
127.099714036
508.1622309840902
337.1686529019099
454.1622139200901
339.174690544
251.09225930600002
534.1256285640002
314.105527688
308.14845512
203.080709908
433.157245976
426.1034020361801
204.13749651199998
292.17680136409
269.173941596
462.18842866809
422.19351404809004
344.109567512
319.1644395320001
300.11437811999997
373.105604328
311.13822478400004
486.15864294400006
134.08439832
282.12772593209
281.12931351000003
361.14985208800005
328.15354049999996
333.17373828191
734.1959078040001
370.186571944
229.15789760799998
232.11928648808998
317.09866848
368.221226136
530.1274852880899
576.091945488
242.072513308
296.246378264
210.09471155209
181.03836700991002
307.118474054
268.16312337209
547.2272737640901
384.18463731391006
532.2083700080001
415.07860907391006
347.17540439609
371.220891788
321.11220064591
306.216809452
315.088891644
380.099804274
301.0633455920001
202.102750816
257.11642672
173.035413126
277.179026976
225.95978580791
424.1048896540001
448.193297136
312.106984232
567.1515834040002
438.183795072
446.152494944
578.1233200560001
448.19713662800007
490.2328534400001
306.08817697000006
311.14224754400004
290.199428072
390.14105824991003
292.1106301319999
242.116761068
487.12740239199996
359.15149189999994
387.985480036
196.050060146
342.16919056399996
360.2062447680001
248.01010308
179.069476528
340.16477388
479.2029502800001
595.136918054
313.12872272000004
365.1999530299099
467.16949037218006
412.23431624009004
326.05646306391
462.147409564
442.07906883000004
269.162708216
372.2254828720901
527.104558772
354.0513776839099
388.17107060818
386.20663869200007
232.1133155
366.19434269199996
435.17673553200007
150.044757272
412.13175949999993
373.25980271608995
275.03560373591006
432.1406843720001
418.12009765618006
277.086269464
392.13979876391005
434.1008532959999
418.09214177209003
164.069810876
338.0763528
413.16002284800004
398.1330735719101
228.97470759991
406.19859942809006
399.12001476009004
426.1764011840001
243.137162164
512.2021874681801
362.1239716880001
413.08839470400005
528.1850746040901
305.102507972
117.057849224
256.070873496
334.12298932000004
491.2069730400001
286.09621623391
583.31396352809
487.23318778800007
369.20524172399996
317.06815620000003
307.11602653991
287.076870416
388.11863485609
572.1668991200002
621.036997992
339.19278577609003
281.144949976
393.16312546009
307.09906240399994
507.1051073880001
308.15584900799996
605.1462465720901
391.1392874040001
261.11299475
273.101445352
436.11808150800005
257.144949976
383.0278057919101
163.063328528
370.12905706800007
281.09127459200005
433.12414661191
548.120933642
285.03454958809
316.15880289191
439.11602944200007
382.1154543380001
396.0528404839999
270.194342692
259.04893169391
449.16802757209
597.17620930809
227.11709541599998
578.1233200560001
373.16927346009004
367.22408590409003
183.137162164
348.07009880191
290.174275944
295.13293608991
260.15650064
377.1447667080001
525.114060836
577.085476738
226.095356928
680.137255868
477.20947215791006
219.137162164
312.077101748
341.13487072000004
230.045819892
474.21278669200007
193.146664228
239.01948829
438.144038436
448.19713662799995
146.08439832
336.21827225209
484.1235715079101
409.18623759600007
345.21647510400004
305.177964356
540.1262875379101
361.19026035600007
338.11841447800003
224.11822386808998
163.05130104391
350.14064100582
380.134536372
316.092002864
454.1614198160001
428.23325362008995
345.184112356
407.19573966
434.1008532960001
307.1293914160001
330.0994103500001
363.15749742790996
155.069476528
337.0939906219999
233.06015147591
214.95349348791
388.14780974409
264.068096624
219.075624528
222.05540044391
224.083077992
402.24007031609005
283.112090288
421.2338564840001
306.23072819999993
229.026960084
398.25425758
389.1447667080001
441.18094890191
445.19747097600003
555.1610110280001
395.1342020240001
331.128054024
656.1861372240901
339.15915083791
288.195011388
294.14971460600003
274.09783719200004
280.193948768
267.09888539209004
474.21278669200007
236.08703932809
366.07218216018003
249.17098771208998
233.152812228
292.189926008
222.09054632
380.18294936409006
272.106196384
205.1215121
257.13968758409
360.085203232
390.14105824991003
322.129057068
402.24007031609005
297.132470708
281.12044948
373.247775232
323.17461029199995
275.02859989600006
324.208930136
325.06774098
259.994202146
446.13472698191
463.1902774200001
347.0701622880001
348.13749651200004
241.10838745609
562.120543184
267.148395544
577.17018735191
333.10865597200007
358.054157458
203.16227975217998
325.0845870819999
342.144038436
381.16483345600005
263.094628656
313.11748934
410.20419408000004
454.211724072
282.194342692
482.18148656400007
311.10923316400005
246.02046444990998
560.1150293401801
194.087769448
281.13182533209
304.11849238400004
436.16477388
358.086603812
198.99324665791
244.11928648808998
482.0213171878201
267.149538416
341.24482134809006
383.14159591200007
356.15010852999995
510.04137659199984
241.1215121
362.22189483200003
320.19607400800004
469.11432588591003
617.2843947160901
552.161345376
579.18474025609
279.137162164
161.047678464
668.16452977
417.21647510400004
316.052029872
410.17904195200015
307.0817725280001
320.0524252640001
254.10638699391
541.220253754
418.12346878418
401.24482134809006
368.19607400800004
459.1534746679101
398.20419408000004
403.21285252409
406.19859942809006
577.085476738
388.20195349208996
290.09326235000003
363.18075829200006
246.07529018
364.00318362800004
355.21205842
266.145284324
315.17354767200004
538.145695312
588.1850746040901
422.1139779399099
298.142975816
225.118735228
370.12369691600003
508.24554962009006
229.1215121
295.06267689599997
336.05032866190993
205.07475251790999
500.199445136
394.196467932
307.10692465600005
348.18188674409
307.09906240399994
253.948969672
568.31429787609
354.135972288
335.232125168
265.0997311
228.126263132
550.109778168
281.137556088
101.003226808
449.21753772400007
253.15222434009
380.1709218800001
271.089166416
322.15207769991
537.077427752
372.20222200800004
380.180817868
270.115698448
310.127719676
240.102764414
243.158291532
497.14947522800014
311.03646214799994
277.019097832
253.13164832017998
209.0874351
468.140684372
549.089377072
577.181746472
432.20222200800004
345.15493746800007
302.185509324
233.14305871208998
270.11684132
458.1363479400001
468.12865688791015
509.165104874
552.071396606
274.171499072
287.02584162818
351.14437278400004
203.131014164
368.997369976
436.185903248
329.137556088
411.24950654800017
669.1693587080001
102.06807956
124.10004838399999
195.015413032
305.09127459200005
427.13142515199996
284.15247788
307.114318544
223.041547528
487.1828835320002
261.11134134
417.13945319618006
343.11029578400013
465.24883785200007
230.116761068
196.096025624
421.1399561000001
328.08565154991
213.00878459991
329.02925886991
344.12667412
309.16885621600005
245.12766009999999
482.2178720720001
529.120208836
409.18623759600007
253.10625596
516.2717643680901
294.2307282
325.9724606920001
209.02338564190998
336.08671416990995
527.28774878009
432.15035222818005
298.0712405359101
409.24777523200004
466.15355756400004
307.12805402400005
303.15829153199996
362.20877018809006
343.032024168
414.16729930009
299.08374404391
384.13684488
361.14985208800005
339.16952491200004
433.1742101119101
282.17321332399996
258.05918535
313.15387484800004
352.99075158791004
341.13353332800006
441.1509147080001
507.16314252409006
410.177647072
204.102764414
327.13830503599996
252.183778008
255.137162164
335.15300283791004
276.15862588
355.0406556638199
246.136827816
561.2097669760001
430.23498493609003
436.16075112000004
212.08104425599998
300.11186629790996
154.98884326
364.16477388000004
256.070873496
394.19859942809006
340.237544896
356.128468624
260.13471964
269.041526232
453.1410187200001
492.1150638800001
341.164045608
147.068413908
370.18273245200004
195.066044558
707.1672505320001
361.12872272
395.22302328409006
218.99987332591002
368.20999275599996
365.221560484
349.95422234181996
394.10807017209004
314.05636630400005
552.1618137400001
371.05570025209
547.0366255600001
438.28171821600006
512.057070336
478.16141981600003
463.1716501520001
320.127325752
303.137162164
208.096025624
265.99235042809005
424.06964701799996
364.07503872808996
376.14378698409007
388.14780974409
255.98388891391
452.22012897618
343.0582738100001
536.146912624
276.12963426
292.10512750791
154.07422756
422.15822569990996
579.3190489080899
306.17321332399996
405.27612147609005
376.24957238009
188.01353563191
359.15149189999994
451.2080356600001
334.08883206800004
313.215412484
268.007261036
358.21654093609
378.19520199791
545.130379596
376.128388372
264.16264864
554.1848576920002
335.143390416
245.08169462200001
311.257277296
656.1861372240901
225.01830026191
636.145766398
652.133229642
454.21172407200004
548.1893658800001
250.077598688
224.098334132
313.179026976
205.086956432
402.16345980809
282.194342692
287.06710717799996
445.1974709760001
418.0227935859099
386.166413692
198.09471155209
378.0877631919099
343.14331016400007
283.04405165209
488.17892660409
674.2703322299999
254.15314657599998
245.05654249399998
429.14290998391004
313.12872272
378.152575196
501.138890126
319.164439532
421.10773582409007
309.05066300991007
336.16010574409
337.1386187080001
547.21769379409
237.09585706817998
286.088832068
478.18994307200006
229.061627874
341.16002284800004
199.992548736
322.13511356399994
253.056134972
327.012012068
328.103236244
284.173607248
309.09358310000005
295.10692465600005
457.16525070009
575.2254170400001
147.071785036
321.11471246799994
239.04384631391
297.158960228
280.082106876
223.110947416
195.05786628799999
421.02086249999996
342.08766643200005
739.2264796600001
397.200156344
166.0299798
340.21318687209
369.131679506
337.129865592
325.0844749600001
343.14331016400007
345.149380258
368.221226136
270.194342692
288.977211724
321.216475104
414.24007031609005
299.10349268600004
307.132076784
601.183868246
336.21827225209
384.11334616199997
453.138890126
110.003765052
391.04354970591004
370.189257312
384.96121612790995
354.08250080000005
333.127740352
600.1850746040901
574.1508721960001
353.08341234000005
272.88363450391
206.01727240018
565.181746472
309.08956034
518.1886971840001
320.09431137199994
343.0813616519999
448.21026127191
192.089877624
418.21251817609
342.1089903200001
152.094963004
334.190594704
92.97470413391001
322.139136324
200.17573874408998
374.1291373200001
248.04418066191
380.09242010809
325.06774098
361.138618708
450.160296354
479.076035516
369.180089596
358.01540942
485.10924050591007
480.259736884
455.098959388
295.168462292
306.12077757191
507.095311062
254.167065324
359.159354152
479.1202832760001
430.16331107991
231.092914404
394.96442384200003
540.1850746040901
365.24482134809006
291.04426355799995
416.127325752
511.14602966000007
206.08037556
448.0875117399999
259.168462292
223.08579528799999
151.136099544
274.113984196
221.06966713791
257.00812950191005
398.16452242809
193.1215121
412.14951774
255.06525045391
92.047344116
77.987242396
385.1320938480001
296.16371126
219.17354767199998
386.19674270400003
308.246378264
269.092928002
247.095691276
310.068075328
418.2004906920001
583.1460296600001
460.17277860409
524.1470660560001
432.22816824009
237.0935831
300.122240372
301.13274548
322.12298932000004
241.059974464
501.1985335960002
151.074561908
325.06774098
73.052763844
371.1130726560001
396.00859272399987
265.204179104
226.10848157191
210.029324702
351.11617526809
286.06557120391
354.144038436
324.137496512
352.14780974409007
269.08090051791004
274.112442908
390.107652928
325.10711526591
319.10503339209004
285.05506609591004
168.01247301191
258.07694359000004
264.16264864
171.125928784
246.102095718
325.15904048
594.1416690859999
385.1320938480001
389.1561833560001
221.09866848
405.19951096809007
431.12767716400003
301.14477296409
409.01480600400004
575.1409442800001
588.15223377
370.2368762
316.051777864
456.11815618809004
357.10865597200007
268.178692628
252.093248752
432.14470713200006
409.2365418520001
223.06095917800002
565.193448216
297.07282635999997
277.11748934
133.052763844
548.978091076
561.0490906480901
158.11755517209
304.14780974409
390.92109622991006
515.18261501609
231.137162164
415.26047141209006
286.169781354
357.11855196000005
351.134792814
443.13122183790995
334.14108455209
252.101111004
470.0842379279999
291.04426355799995
417.13945319618006
322.164105184
451.24442116800003
294.09775694
461.1771294560001
430.125217576
358.144118688
435.18075829200006
337.16865290191
358.98792256
360.2062447680001
548.06064536
337.1386187080001
337.16865290191
587.2141836600002
439.17567291200004
365.221560484
354.17211616417995
437.14689820409006
428.03841883218007
180.101111004
191.04848963209
303.21982916800005
337.14477296409007
258.06742792800003
484.070221864
304.08627210809
475.031057396
214.09669431999998
548.094128104
309.184112356
451.11366691200004
329.08341234000005
391.09087731400007
414.12878432009006
355.21205842000006
452.1379075000001
341.164045608
319.118158036
113.045233852
321.11684396409004
406.19859942809006
385.039958132
351.219829168
364.04940851399994
398.10071082391005
334.117823688
294.07614948591004
353.11577508799996
281.12044948
438.17256169199993
253.13691071208999
362.206638692
203.04848963209
384.238607516
215.11709541599998
230.10363642408998
328.12265761609
335.14945816400007
352.1144696240001
398.15249494400007
274.106590308
281.152812228
403.1253686560001
392.12667411999985
382.117823688
271.18386090409
512.1901599840902
636.138315022
411.1597713960901
377.148789468
243.101919528
228.111006992
412.1396217520001
347.14945816400007
347.1861596899999
445.19936223991
370.182732452
373.07457897200004
406.19475993609
364.0816287899101
356.052425264
376.11290410018006
526.184202594
256.178692628
291.001866912
366.030010462
397.12659412600004
210.12370317209
478.21972879609
420.1256115
442.07906883000004
531.19951831
382.22375155609
319.120843404
289.08598589791
439.17567291200004
295.01426390391003
339.113663446
586.172969214
389.23279386400003
419.20124228409003
337.11748934
295.14496357400003
154.07422756
573.246152484
267.219829168
540.1400327400002
290.09577417209
527.0414798480001
369.20255635600006
349.20503840990995
235.09734468599999
241.059974464
259.168462292
283.18959166
324.163791512
291.19467704
420.13471338390997
193.02885134791
313.05297151790995
350.11790394
518.1886971840001
290.09326235000003
506.21464341609004
231.100776656
331.09503964400005
562.1945766680899
616.2294993759999
377.11326326590995
297.158960228
431.12028327600007
304.021125136
544.231152786
258.136827816
453.18346072400004
289.098013382
290.08123486591006
400.2375448960001
457.21224902991
636.1611621080001
211.082013284
426.1249428039999
331.99644490009
204.126263132
309.97754607200005
446.16452242809004
742.2122265640002
366.98916844800004
235.066699656
307.05292338008996
173.12044948
744.35816252
230.15731180809
278.091924958
534.1239683340001
244.08243261609
445.19936223991004
334.0822974859101
420.2134553880001
385.20149373600003
365.13217410000004
312.071936116
349.17713571209003
422.12521131991
306.205576072
600.1971020881801
334.09267156
252.09073692990998
217.015726704
281.11642672
394.13322230009
377.12449664591
481.05121300400003
439.11830050809004
193.089149352
303.129299912
468.20301611209
334.10256754799997
518.1290537140001
341.11240396
462.147409564
418.2004906920001
588.1850746040902
246.173213324
439.17567291200015
320.10633885608996
346.981666768
505.14009857209004
308.03026191391
312.144707132
416.08939774800007
306.17321332399996
452.184840628
489.10079372000007
490.17870969200004
175.08579528799999
491.17779815200015
397.07324158
431.16083401609
159.089543276
352.0661421398199
455.22089178799996
353.1310312279999
362.02799648000007
450.118417944
219.071785036
437.21753772400007
245.08231518018
318.0367752000001
429.09689280409003
393.1371792280001
433.1974709760001
244.132411132
323.12046654400007
568.19445126
203.14224754399999
338.15314657600004
465.14305245599996
578.2138493120001
367.14747539609004
235.110947416
439.17567291200015
408.14313188609003
478.11494380000005
271.060959178
351.19065428
406.19475993609007
347.19976242
368.1709218800001
391.08741762418003
467.30826731200005
323.151288004
236.06360203399998
162.08731766409
256.11928648809
486.21278669200007
343.20082504
321.05317483199997
455.1528292920001
395.21900052409
451.20082504000004
577.031977784
186.09054632
155.051718288
442.08620418800007
394.094705296
451.204196168
284.050715244
477.08890870799996
262.05983072591005
423.252191916
280.026625736
304.20195349208996
403.24844392800003
375.133139404
431.145435404
601.183868246
262.14108455209
540.10719190591
319.12084340399997
338.195405312
291.14791745791
445.0935768439099
328.07201636800005
364.17955193391
337.00620334399997
343.1102957840001
187.09782277208998
305.152812228
543.1549545320001
591.1358589
424.13749025591
243.12403752008998
377.034872752
316.14780974409
337.10711526590995
451.26047141209006
304.132411132
138.024770776
340.16993951200004
462.18842866808995
306.21760355609
199.066699656
574.1131492960001
420.1770698800001
220.14443861608999
341.1367619839101
228.101111004
330.107652928
397.20149373600003
628.1219962619999
473.065470832
94.99035419791001
281.148789468
301.144294878
336.18463731390995
417.1305794440901
634.2512974400001
374.2207976721801
349.13995610000006
567.1992022920001
580.2051413520901
400.14299288000007
489.1331564680001
382.1059386760001
115.063328528
263.12912290009
382.20049069199996
290.13599917208995
485.0286072379099
556.2586742640001
245.05442072
400.1801724920899
285.10096726591
113.003226808
365.10454170799994
241.036652176
345.1701936080001
322.125217576
484.09788670791
192.101111004
383.273676308
302.17427594399993
392.08777678991015
311.175753164
399.20188766000007
324.12224037199996
403.0812427400901
262.121846448
176.99755121991
284.177630008
98.94081716191
269.177964356
313.13226739391
308.1596885
278.13789043599996
282.16919056399996
181.004493324
366.22883693609
251.11709541599998
502.280472328
139.099714036
309.06269049400004
365.06404764
339.15829153199996
296.246378264
318.151432324
351.1443727840001
475.2080356600001
450.120539718
199.991007448
515.09929638009
463.1716501520001
282.18861193609
338.08891232
290.199428072
274.113984196
560.2257513880002
199.136099544
415.15131488809004
282.113329098
451.1968022800001
457.21224902991
350.18550932400007
369.11471246800005
384.13684488000007
477.18730021600004
60.032362748
310.171499072
169.11027872
330.08776319190997
666.2047411720001
342.0513776839099
537.1985335960001
409.10773582409
394.146346944
505.16847935600015
369.19132297600004
204.101111004
392.28087250809
189.11347283608998
287.101839276
352.14316642591007
487.0764804799099
109.95998768009
255.162314292
535.1671590279999
282.12290906799996
491.1898256360901
364.11446962400004
341.14305871209
488.1781325000002
398.177647072
311.246043916
538.15819116009
141.053826464
199.110947416
273.184112356
472.2091641120901
350.16390186991
397.01480600400015
303.19467704
351.23443367600004
199.070539148
307.068409676
263.072847656
508.15625999599985
499.99546752800006
300.12437186809
231.162314292
185.095297352
368.13979876391
241.1215121
258.06169717209
293.00978291191007
542.0159933719999
455.1720673960901
385.19826508009004
499.24442116800003
284.16371126
250.03719042
404.140592868
417.1383221000001
312.971209876
491.17779815200015
382.11896656000005
333.09969656017995
602.1678838339999
397.12872272000004
538.1461636760001
309.0935831
200.04820342191
342.16123155209
414.25209780018
342.18379507199995
532.0599902619998
