0.6782501442001809
0.34735519758119027
0.641181541820812
0.8284004080099675
0.19490941472079132
0.3692614309444011
0.7094341473925269
0.5605477494729935
0.8352899700991067
0.21758941508610846
0.5806659837078385
0.5758986027821027
0.6057080538703378
0.5825246331189369
0.48246249484262627
0.6407309881186934
0.6875509664201694
0.8534274321966131
0.7975429023769831
0.8361556568555218
0.5351004819106104
0.7016288119224492
0.8036745925540973
0.6947634619862035
0.5211527951200355
0.28984188045646925
0.7366968385668816
0.5552012406115374
0.6692328366162918
0.6078976202934652
0.74969299485697
0.7706950856252808
0.45878861863966547
0.3259754747273157
0.8651191466237215
0.8637526105695454
0.22094473179304266
0.8938972657856542
0.7476496904457715
0.7475118149181774
0.4537925155687425
0.8453860933415469
0.5542244217908604
0.3293485894325569
0.7423098500985126
0.8711712398062754
0.5793071451318228
0.6110287525292579
0.5059036275029889
0.6979619030718293
0.19310393153851654
0.6786648403329569
0.3112343180781239
0.2419782256631796
0.7687287351437814
0.5649296078916947
0.5448067436526546
0.282767559729493
0.5665937073414983
0.7507405166635436
0.653376727441368
0.04802624606393713
0.39708494203708156
0.6182812595742214
0.30027407874974954
0.8528587311007919
0.6122613126819211
0.5059884138608949
0.5387448219045231
0.29558580642034477
0.2636874681604518
0.7750049006765906
0.15566969104761935
0.5514109041410681
0.2541389490123455
0.3778035460114888
0.5060968810985903
0.5467699510723123
0.8045217877008689
0.5199639708781939
0.8237046525491033
0.7985847404703917
0.7392348338380464
0.3542748621126813
0.8714359589030797
0.8145750656552845
0.8084153143646551
0.5608782245111483
0.7929104176000077
0.5163472224662484
0.7756212191627949
0.9012953453225168
0.6016542879309117
0.46271644761764774
0.15684966430752514
0.7936169010057341
0.28330483469907664
0.6763307688257459
0.5322769361287553
0.7155722200757025
0.6313357635637775
0.7307669621094659
0.5052884705614672
0.598042102981956
0.8372630590973307
0.3564696157281903
0.8475598504699002
0.5445925046457755
0.736010489763075
0.7680801543084244
0.30517414915809954
0.3863856807983363
0.3199144213699818
0.699174607892518
0.8031742422306922
0.3173868341000462
0.7850957402738743
0.3289366241119484
0.29391887499074554
0.7103446144900423
0.5196786001554999
0.5100630641674042
0.4626243121200645
0.5125943575699925
0.589458180194004
0.12003210519529478
0.5350811600331099
0.5339420931995171
0.6639288795598943
0.7624412706100328
0.7973014128503492
0.3804790082780247
0.6871370507488784
0.7859054518245501
0.465534151987092
0.6139394915768708
0.441028663097363
0.611224259952839
0.1449708770725268
0.18848835862935573
0.674613881250777
0.7764645292529245
0.7904439584397771
0.5790278078371206
0.39379515710149576
0.8857333535940042
0.1847887059470443
0.7262489913456854
0.3319363614467586
0.2610136400493246
0.6886951387408216
0.2951733721526275
0.5594901407061645
0.16624522170309813
0.6610870509338379
0.6945709567907644
0.43125719301651544
0.8698792780672034
0.4116970735694575
0.7442156992865323
0.47944841576867303
0.2691879888732052
0.8442208359494997
0.671738039142952
0.7579749144031702
0.44634189344677017
0.8216426996655912
0.6277536459229195
0.3030298061427691
0.5977660270991187
0.6967218743028192
0.9082345671927379
0.5789895453615757
0.38909872973076515
0.466617172961728
0.39717655663468576
0.7307412240901618
0.6212146475290633
0.3000942629644484
0.3045924483002178
0.729094986563095
0.3259975498600684
0.5478533574713833
0.7919827101425757
0.45541586253045874
0.53085856799599
0.31753522615584145
0.40844970741616793
0.42732884938338983
0.6184548702901613
0.33697765658246814
0.33555806632213053
0.5898793483055101
0.39573868617153435
0.7475118149181774
0.29857240547858466
0.22230263842651032
0.5840126472391949
0.16366322246202822
0.5022408438777414
0.504714548238338
0.5280775331815616
0.5735938118503237
0.890857071114387
0.2720364171178523
0.47991221710683385
0.48630164470448417
0.6168120219176755
0.7893302514699928
0.252954530786848
0.7130328874017349
0.5639968579646873
0.9206489172413719
0.5050662846725217
0.8092465068847349
0.38885275295567756
0.23980715342725964
0.5748253948424692
0.7018364119174333
0.74384656995428
0.5159246710730079
0.5568403004054847
0.2834982440255386
0.2076961650263849
0.8766981337333387
0.2709067866652469
0.8978457207350535
0.6317733815860608
0.10623895516024083
0.6903758099387274
0.27837687973429126
0.31956434391913296
0.1534439888958593
0.5587431541406663
0.1655445916792861
0.6412141088183374
0.8803447939898812
0.5067719429571771
0.6920633019300542
0.18380322899466264
0.661143257250336
0.8122738699039067
0.5372552019916402
0.3190603791361361
0.5861121186871281
0.8430421132694977
0.8405563379251471
0.8827799623457171
0.13677653306051604
0.6467849720879392
0.41762557424868896
0.40208034044407714
0.5690028024962014
0.45001167281309956
0.6007255339250361
0.7492354198904307
0.5436206809528922
0.46171854800239553
0.5541245579165468
0.518658615036185
0.7301840497867551
0.6528129190425859
0.7652127463728967
0.16043625177131748
0.41314416639413876
0.25306359626765107
0.6456977445692748
0.8348104848966011
0.42816190997731507
0.33491238401853524
0.4153180663392256
0.41183729363758076
0.460050443588038
0.33242951593995823
0.1459788767482174
0.22804290075782813
0.3975105220707851
0.32985814967940413
0.5372552019916402
0.6945709567907644
0.6616850093772809
0.7559879496939769
0.843672472366144
0.21234354271109487
0.7983129867910808
0.4119766177555285
0.24167918749525186
0.23165371926184616
0.7779711517834175
0.5773186075315105
0.7527962979531042
0.7719326089779054
0.44563051187054725
0.8721817861451753
0.42632818771945447
0.2574844865380666
0.5673300616458291
0.8354629791478733
0.49252023670531553
0.5773611876008793
0.1792809405013667
0.598769096798111
0.3262674152428402
0.28743485580599776
0.6936473288475101
0.6860137213571725
0.2724738403557287
0.8941077919887154
0.6078408523736984
0.10635114315281002
0.6637875496974709
0.45516651055687746
0.8561780839809773
0.4283968160942367
0.589554139256408
0.7930670960484328
0.8045217877008689
0.7879784263230185
0.5250230680654913
0.6877403335066473
0.6359704235546885
0.11509928882633011
0.6567325833025515
0.7634856410873343
0.6408880494762225
0.2848921320965657
0.12647839000073657
0.5987918017488245
0.8212198047863816
0.27928684261795156
0.31289222934881744
0.749454928495048
0.7425713615079648
0.9043978983288495
0.8354044433383532
0.6937163666167722
0.6535028827335904
0.36174432912305415
0.870539947678082
0.4566175703193942
0.8333935513898665
0.42409517227108345
0.4673042483641256
0.23582304314787939
0.3569448410806756
0.3411287787587848
0.44433801306465576
0.6378076445082748
0.7324667518599896
0.41820971783280597
0.44103164044886695
0.1319208182596752
0.5066186546937178
0.7367811221195938
0.5560024279894495
0.7090179779530518
0.3448584955538787
0.2744344147120419
0.48350794547042053
0.41348683221720334
0.7314947716081192
0.4513615662207068
0.2952699813670366
0.1740512226615351
0.6480268645706163
0.28105925911190327
0.4635409132617493
0.766802123181223
0.6293138449180704
0.821668986448075
0.8680215440869918
0.34380630597633643
0.6779108354120259
0.584781277026234
0.5837137423947677
0.6346641331992917
0.7143367841738236
0.6856894383969776
0.6336366252290656
0.8523495978595647
0.43410046599210445
0.45294259145622784
0.31620551037735106
0.4530760671975897
0.4885235761763112
0.5354853085509446
0.5887657844287868
0.7295668284873489
0.8363726743087379
0.298748274887591
0.8507305165335962
0.4734017212987772
0.6239178885454846
0.46429705938627586
0.5429397652969724
0.5465089503249579
0.11045713991496812
0.11886398380759489
0.18924562010141643
0.4632064306299547
0.7744483570382631
0.20865306799203354
0.7727526367195585
0.7790512170266223
0.12583650264113805
0.793779726793746
0.23754114223831033
0.5835918158433563
0.24825538367218827
0.4000260730962119
0.8139721670698583
0.7240784030557031
0.4697275924581963
0.3968029206719621
0.509967446161794
0.22216444611455444
0.6165033923371147
0.6783191291793716
0.5571887809063462
0.6449581836143407
0.7569658663796222
0.6184307677850687
0.6494655639284692
0.3396357027206625
0.8129304569487664
0.6549858418098584
0.5195198549867595
0.8636151774994818
0.5860426609882408
0.8196182422746209
0.37254739756245586
0.4773971016612186
0.662029084276043
0.42417887678201394
0.9038312523684907
0.797210869543619
0.691715355774678
0.7852873143461739
0.422892897684238
0.6950944351298719
0.6414489194758702
0.4320766151443885
0.5812260645878047
0.7478672420958911
0.41303621427501297
0.8385979990103293
0.8417692066187786
0.18882322934341936
0.22547180781806683
0.3348296152869301
0.6007624708137292
0.6772327791029533
0.5621130052586225
0.7219392987770714
0.8531944624778498
0.7572737862631147
0.21582280124643413
0.6520526709906046
0.601064145893084
0.2177828823994285
0.8667075999084387
0.8760556615215296
0.6142101553738384
0.24195488599139336
0.35642810318147694
0.20533178811955435
0.5527540024729397
0.3553897709722328
0.4170059754029453
0.45359810206264206
0.7733760934942118
0.30555166679575224
0.4271892926718488
0.630293601150239
0.2208714123151019
0.13296777309301502
0.5600051487145901
0.8183163734385375
0.704763449911185
0.4112264130740069
0.7894205192819714
0.8074501168211846
0.7956061610853266
0.8553242418762644
0.9115717703041927
0.5199884711034143
0.5608229030432927
0.6107786226339785
0.22524514807487414
0.3902800315833789
0.7412241251086352
0.5689042655048518
0.8487591540428947
0.25257082472901704
0.2110827003879623
0.5101261222019504
0.4611622961669195
0.5444542477631691
0.7938105544178983
0.6700513111888052
0.6068668873929595
0.6083658467946713
0.2992183081600958
0.7703243477400072
0.2475031588910984
0.3644698713659083
0.5186387648098335
0.48898085157346344
0.4888312992427532
0.6756275144214106
0.6155469664058346
0.6351962237888922
0.700815355649993
0.6214147025204575
0.7776512560108901
0.6949858436951536
0.9040061820081631
0.7217525754651161
0.6017138208703527
0.2329928850257334
0.5616493388169245
0.382177810983937
0.8803488543679557
0.6398663151256954
0.20449415983858296
0.4685168787387658
0.13449295878789197
0.4479385256786628
0.6088899199433878
0.07601297809732488
0.8424628484969591
0.3013866538583247
0.5944063647710779
0.6478371127488471
0.5164174090526236
0.3418227646491165
0.4623033089164899
0.7593409078327129
0.15688727312263828
0.5902303394131784
0.8276425049899971
0.7198269414786802
0.8311291341687204
0.7166938526518218
0.35527427074320606
0.8037823536748497
0.5350556190570683
0.5586565579247513
0.6349001504139505
0.9176738879649127
0.30028765604647184
0.5194188958857895
0.3783278756976501
0.12554069531698606
0.5716181695863232
0.7849932399365172
0.5735855526379595
0.22388112227828802
0.8718100418577536
0.6543658439386212
0.7725401812514346
0.2222911005577932
0.7823931155495413
0.9134433345877199
0.36578181480158717
0.4125797998254763
0.4048663344838113
0.2099838789365533
0.3480835963797019
0.7978343798842975
0.4678975677608205
0.8301156668695475
0.40289238868825344
0.40911808661151244
0.7280697747255781
0.44137016409530117
0.5363116196899453
0.23994952912744988
0.45717454471316316
0.15261099253608376
0.7368792640209754
0.6791516465029973
0.555788254981759
0.7923026508889748
0.7333547723099308
0.3090958205456266
0.5428538918116671
0.7048492996861304
0.6461306981211501
0.5833348066091443
0.16790669920904816
0.42510769620679706
0.6813123156880491
0.5680730295128141
0.807587977180219
0.6212444891177422
0.4627801789553565
0.6033162037043944
0.4330236206118683
0.5991982556033633
0.4788856942853781
0.46206498975252813
0.4412520342636231
0.5559388775669025
0.44164783094887317
0.564662570374158
0.17612773290668124
0.40452410659660837
0.6019893455874527
0.6101067127084274
0.35944966218111934
0.7668729653801208
0.14020414321116417
0.4729548627576735
0.5959359598232253
0.9042138551420482
0.6563590455327412
0.6510428427531116
0.4863664998762149
0.3692614309444011
0.8170496318910386
0.6451677057790398
0.7850707346386514
0.8264351616813803
0.6448126526046043
0.418970779383559
0.5812260645878047
0.5160105646353431
0.1733411947494934
0.5182441730360988
0.6759183347136749
0.6833448954662896
0.3225628832042954
0.4789999855187332
0.5982091802719334
0.6836273224380488
0.19029600957079787
0.34031943356210353
0.44602361223907355
0.7067894025016436
0.5654189554375878
0.309757369965388
0.7868519175891525
0.514117494601357
0.4199567564249042
0.5418655723080953
0.17234479358962052
0.19232364080068692
0.5799669389976068
0.604310125621345
0.3877119795230164
0.3926511184844607
0.33681759068191264
0.7040418997558092
0.24993052675754193
0.9318042593889163
0.2800630068469239
0.8711712398062754
0.7172784818110044
0.4412478679914457
0.43845408109058476
0.7355266269548815
0.5830202161585024
0.44875748568569745
0.805934957411912
0.790233119120593
0.5360998060974376
0.6144395269674128
0.2215322112101731
0.38804698727496606
0.7974715695752809
0.5790144981184758
0.317597405887552
0.3888049007192965
0.8013225245721475
0.4554112849668861
0.37643863338726014
0.43844058592873947
0.6189889582000465
0.40952305674340833
0.648427045765052
0.19081988686686918
0.6181721083139838
0.592471495543548
0.47138085222135556
0.5424770864790788
0.7010457286238438
0.43835599635301775
0.28843427808412003
0.7619422624913295
0.28444046655332933
0.5647342258673822
0.6459498462907433
0.8032083351896335
0.27606511732138833
0.5428643935302453
0.3934315579994622
0.34273264712776097
0.46952751192880665
0.6525676658309729
0.2939195958071016
0.7708140821272818
0.7995759701221635
0.39598055368951446
0.8306869396687223
0.541253073767691
0.5965573466429731
0.3986666488337515
0.389295370438336
0.8215022062072964
0.4221450965250275
0.37600864318385857
0.5161604015056515
0.6332046693893411
0.6285015247800542
0.8314677204890633
0.3700742015408931
0.3257341872711594
0.8044641077278495
0.6045168168125981
0.6475296774547427
0.5812260645878047
0.6714689914605987
0.7639000053965038
0.5963000468616055
0.3937156160935871
0.6438640577946236
0.6706444328055696
0.3794173456855259
0.39100314850912027
0.7800940081361204
0.501129295687423
0.4382927988551255
0.2673726656166374
0.2778972457496995
0.7638822294511421
0.4799870977456041
0.6354461116568155
0.6531086541660366
0.415128120991726
0.18909736374074088
0.5326119949526854
0.4489845279010702
0.9128198380407094
0.804958257973769
0.7677199808580674
0.5728325896235661
0.3255276403010705
0.8363311012038349
0.8165676861223405
0.8533183489385606
0.6109472532916517
0.6779615817534174
0.15233322138329075
0.4651814630133546
0.2956862955815323
0.6388998575873099
0.5856460968426517
0.18427476525800535
0.43464152092087577
0.4971112939645739
0.3396501389718723
0.8335491177010979
0.2069656617072176
0.760665213152784
0.6155357731863963
0.8886047733775587
0.8876144729971507
0.30216392760510746
0.4134868322172034
0.7704370678440097
0.7121500829751958
0.8909425022980832
0.2377828673056342
0.847316513057
0.5226297228734386
0.6575897540888435
0.4115493386681854
0.8483386313021803
0.46362687094400407
0.672798641385415
0.4725449607797017
0.3844524527849893
0.4217851445910572
0.6836326938058896
0.7917874766941969
0.6064215607357037
0.47253516769638026
0.6288313540371853
0.42667430249151983
0.8117703171280223
0.2595767334668165
0.28457812492877643
0.3497651598488081
0.6759100132038848
0.3370721218372421
0.6017952093073342
0.2969481361633454
0.5603566091049262
0.22401091475139187
0.43925990372773843
0.5259412873485491
0.25630074204367836
0.583921449185918
0.180329999642195
0.45882156602964447
0.26237104431899605
0.25837042130222937
0.22150767453548761
0.7426758731650256
0.1840276708598879
0.4442811766028746
0.6415848321465262
0.6086140734914376
0.5999123416942664
0.7109547206172456
0.620777960259032
0.4812357546306675
0.4214037906634014
0.36062690356518523
0.16349543569384914
0.7682484167596016
0.2353616626355133
0.8955362470691403
0.6681185702750616
0.8624806980472061
0.5527818001362867
0.45888669086404
0.4455497927962222
0.7152740055302476
0.532922502090155
0.2052423095101866
0.5460840654185929
0.5439359247980828
0.8786246837897593
0.413055918257768
0.7131852250815132
0.7289556939140043
0.5774986583677628
0.6101833849830748
0.4691058255696228
0.7661053286603293
0.6474317909666846
0.6592394793013806
0.3310767888872668
0.5587748961974054
0.3623502776346307
0.8185522640384723
0.5469824528892577
0.49698983877400094
0.28967178671222804
0.4624752596439471
0.5491703274266738
0.8361991759256433
0.5188266954784562
0.7663482754606065
0.713836098321525
0.5919057704659179
0.6421102782610987
0.41317541717128964
0.36029412219165013
0.7579275453052569
0.46204095563321546
0.5673588854608987
0.6208925581828876
0.5588857269470694
0.3157465981790965
0.3705394707665421
0.5140724859584029
0.7748400276401919
0.5792470931290669
0.2052965632085271
0.40963575189452184
0.26053923403349344
0.5281717934578938
0.2314006536436968
0.21070804659807
0.6000179331902492
0.7649472044065958
0.6616705979509667
0.6296741501416857
0.6534643037946191
0.16394050462639898
0.598279337291304
0.717274480675001
0.41834619038111004
0.4700659019485609
0.743068538833458
0.8528587311007919
0.8652910007031849
0.6263501074572168
0.10362190122959714
0.39671969189468487
0.5964046381622138
0.4626724692175403
0.5376269504956254
0.8113452365281113
0.3471167678096257
0.4956272532185517
0.7221662536577987
0.4887026303399845
0.7354955837937823
0.8715321441109006
0.1694594064766539
0.38264757034137975
0.7383243513034169
0.3711671826063048
0.25946910762124503
0.8909166316336343
0.17644602585869842
0.1928361766596679
0.12686784681135807
0.23555684956808212
0.7858432213943626
0.2914186217427565
0.3114274306716159
0.14977139195949957
0.22401091475139187
0.5786888662090509
0.7802558230248199
0.7330826349118762
0.5944410400342706
0.2334742315834522
0.3020661963575731
0.7951208626313477
0.747771801159754
0.3459868017609776
0.5437001144412208
0.7960588786436682
0.4847010230276571
0.14906536343613824
0.7286624920402721
0.3633085713173478
0.3934481936682485
0.5436249008117308
0.5496264353075456
0.750062060699152
0.08479285758157801
0.8693347913243946
0.8359982495390229
0.25354362035302336
0.41868633583017145
0.5563072053143491
0.5057578925044118
0.5805520312263963
0.7490506904676907
0.5549178360925489
0.6668070196334043
0.17808148443680213
0.35266790443542384
0.26029955997410315
0.4938300067290754
0.6629355619570064
0.5066004345955426
0.7770344423312746
0.5771888244461663
0.47279821693055935
0.5793057465701972
0.5908791737886605
0.7024139641815437
0.5100503828289771
0.39570937608453194
0.7604593037704322
0.6614854966833106
0.850816891628667
0.743070965955326
0.4533490308385366
0.5215110910118236
0.6573088893198569
0.40716458400223915
0.7960475999747739
0.522992828824167
0.30082197973267955
0.7258400621059187
0.8934623034035757
0.5731422324476032
0.8387993104416385
0.4792230577285271
0.6385442504416735
0.6006907668990984
0.6706444328055696
0.42313132030951744
0.36524502416386434
0.5029113088138565
0.4582844730257572
0.4631527949280702
0.489093352294255
0.509791344886958
0.8257346219096776
0.3306864134956246
0.5252452702432604
0.6344875008358574
0.8030256121759043
0.6913480965378134
0.21776988388626467
0.8490648167641934
0.29936632788761053
0.48754737769657197
0.4415582707074473
0.5237474723611113
0.1869685341170898
0.704881796307747
0.3305876135493553
0.7036226558400478
0.283413839155354
0.7215570319485399
0.1399520345881947
0.7600611294877141
0.5788659298671663
0.8800759560258569
0.6884561329242909
0.3040134568849076
0.13928473801590274
0.6397316155790002
0.2932236151447101
0.44886018717214116
0.4632064306299547
0.5081627697749203
0.2524087494879121
0.1780438486750495
0.8066406167854066
0.6433991792385315
0.8314565205579764
0.15559419051625764
0.3590618832037132
0.14392026264081834
0.7989754446425642
0.3373425831882271
0.18355324240526275
0.41558318394193106
0.4052311228367096
0.46666196556586953
0.5409983535382415
0.5924301416540543
0.7337174097217009
0.6449581836143407
0.6007321264021775
0.564781593195387
0.6556013217319996
0.08505950966323808
0.7356649186928104
0.4619215349284665
0.26208294399406146
0.6633249101093537
0.5813360054411432
0.34860895564491556
0.3657949502754568
0.7958571379694613
0.6387700472308427
0.6252415209204469
0.40537247748649397
0.29211568797532944
0.5570614264218774
0.5903077876006807
0.4240516361300732
0.2939087790656177
0.3208953886463561
0.27331127413729184
0.3926410158999602
0.36774132862109765
0.7737556671741953
0.5575561337223816
0.7045003085429552
0.46624094063819693
0.8735743482022289
0.5955396809871265
0.6944565613249184
0.3414828181647082
0.8998955456389567
0.7064752863387452
0.6248219380845373
0.5059827840897299
0.38356893679729287
0.8270612826967406
0.2437837869334117
0.6839619072680125
0.6293530634220947
0.5971408704968574
0.14074174829235486
0.3905886881779626
0.587098173837572
0.5576456067078309
0.5977825054772521
0.6072715086632992
0.883410722813431
0.4768689951887501
0.5130837629027565
0.35527427074320606
0.24496265065337394
0.6796258090117204
0.6302270376007303
0.8715340855922878
0.4020803404440772
0.5730003891625401
0.4400635803889425
0.621416822938483
0.12111909941921244
0.6678267325961224
0.2614306858916229
0.5636146899083344
0.3688699435539986
0.3766879897654411
0.7741027689501767
0.7707370382950555
0.31744615830763667
0.3299783304021597
0.21591747807681877
0.8585670575494547
0.575166884527819
0.8067219555838407
0.5998709852104546
0.6701754786264253
0.8462661623651713
0.5484702280578977
0.4381137992585326
0.644663825061301
0.41699801356502403
0.6107802173563321
0.6072847451869454
0.7820074290985747
0.4701208882773016
0.8445118654627479
0.09578301418894111
0.4393448054870358
0.3052606546673969
0.5696522750097668
0.7311622312424946
0.8656396470577241
0.7331720478022905
0.315727614464966
0.5455874121354819
0.7656727851572828
0.6451421431372114
0.6426172616392679
0.29441420883624875
0.8353893626875454
0.5584282982949353
0.32248753734408997
0.8822266076056552
0.3603149873649232
0.7711891263389701
0.43826801224055145
0.5910656233199114
0.2534209112799825
0.5543289305003491
0.23524608920634324
0.24987180266673234
0.5232207661884003
0.4263810748280452
0.7507459925004781
0.7011088708514142
0.34843976001303245
0.27260048207360094
0.3979233925253045
0.26831452691504976
0.6999497885486002
0.26310259133275266
0.40208034044407714
0.46125675007436706
0.840700200789423
0.13520497544204774
0.5745728788701544
0.7404938294762743
0.7451874296058343
0.47646477032031154
0.43268731928822285
0.5449370899918567
0.7611572777431383
0.15696959838262897
0.15510589628211197
0.5614588867606201
0.2917579114095218
0.8207517667047548
0.453417590075018
0.36956432440681847
0.21826780512028812
0.539138005090686
0.8083081576394942
0.593233090839218
0.896263707690091
0.5889560181307091
0.516008280349821
0.614665458026087
0.6368379720725926
0.807032696587483
0.35572200590393493
0.4094177131256214
0.48072283538131033
0.13535442066420103
0.22315689381993217
0.5858000983318528
0.6669495934053119
0.6541694533138172
0.3059082239951826
0.37247452657734664
0.7533176670651284
0.5258313192537584
0.3573262564359185
0.4144607397161369
0.3801247892852777
0.5742511375058147
0.6397583331308355
0.5754918242489139
0.7456081435248051
0.6056638689781976
0.33369824749106186
0.22360651848389676
0.3761535035633834
0.6133706759734676
0.4409800727637598
0.7864602223909647
0.7436248851138924
0.861502077454981
0.5883518869770419
0.22565031484282294
0.6866877510461915
0.5186533218966968
0.23234827495216268
0.277218972745812
0.2928721038475311
0.8518124125570256
0.28683231667215303
0.4913592918635832
0.6468799894139139
0.5685025674650188
0.35805153818507557
0.6618015439702112
0.3633926451109995
0.6297788866898045
0.40631680941334497
0.7429565557630172
0.6677235841293452
0.502256726504374
0.5232636398790755
0.5434169002010368
0.3740779049148072
0.1815914394439965
0.7755388501293355
0.42669187810464193
0.7590922990923112
0.5275767524560113
0.943561652078175
0.7372749009178159
0.24749466635316633
0.6543947764962268
0.809731094383368
0.7653488308864194
0.8044852075611879
0.5932180392015207
0.6655820699022221
0.2599654432613898
0.47255605095631487
0.9058171501475459
0.6527513806618641
0.6258000117251243
0.2590922777600777
0.21175025031514236
0.4802071858813701
0.3746597009218033
0.2800637989359216
0.6965722502635756
0.49648335840836244
0.2737602670176684
0.33463752173342715
0.5015757599713943
0.40535254436927715
0.4460511831532911
0.12851471435706815
0.40993916395537505
0.431173549108269
0.29940854459274574
0.7740176533592094
0.6997607478090571
0.9043978983288495
0.6819583076174536
0.7602099012532428
0.8670949585467007
0.8621990815371313
0.846288404022348
0.5678182048554672
0.28602293015721036
0.1664872301721561
0.8586568966537806
0.5722562235761797
0.9023213969485424
0.562386297027295
0.5532669179586737
0.36285030377938043
0.35541324835871685
0.7291963273213913
0.866826712318362
0.832524355114443
0.4698403462066449
0.6366870997287014
0.1300041025134087
0.6672490669989782
0.6189144832800828
0.2704573835331084
0.912909030429189
0.1822986592425952
0.577022011825519
0.45526173817997007
0.30278792641075997
0.8675373231653171
0.6664172975208722
0.804519174716582
0.5819575681162447
0.2541357525452634
0.46650670346063117
0.38567685394807194
0.34171377252908813
0.5306469838045502
0.3757388480538802
0.5916318821287248
0.4064100689605341
0.18121242468482116
0.6753124601598609
0.7617679409617181
0.4563475255954484
0.5802267384309516
0.37400686848321196
0.3737852998556666
0.782617138863217
0.5438998635000722
0.12554069531698606
0.8180418679996363
0.7004959964262669
0.8619211761619237
0.7063273903971338
0.6541497937934247
0.34229684836963115
0.382671307476863
0.388505113718132
0.18186583958621652
0.6400321151065816
0.2842135090136874
0.7009928107158676
0.44837734734824125
0.5349774071261258
0.3061618572715689
0.6226629028844243
0.1796333905019035
0.5165853912659153
0.3882527143375425
0.5413396250814478
0.6348993944907783
0.6117268241769525
0.5480656265427066
0.40402352828290394
0.5889002118558259
0.737427804311403
0.6333786058345603
0.38214274207178023
0.22154144268600276
0.3424146090178146
0.7186387271951999
0.30802273553919285
0.7649092970053686
0.44919684908144725
0.19125162304481855
0.4973013530942857
0.5475793158679886
0.5789214822035893
0.874821427724076
0.6001271894493903
0.7350867645492987
0.6406133078963172
0.49158714036600154
0.2959725368658992
0.7174208782373189
0.4586813028796692
0.41531806633922563
0.26361521631861695
0.26891454880152654
0.34212328973087097
0.7894205192819714
0.9152335503905547
0.34799171577862203
0.8383262488282028
0.6534887223859822
0.16614086724632376
0.7918370566273478
0.36673816976656676
0.7771145502885849
0.29142216644760177
0.11366358045650266
0.3392175798924251
0.17498009272674128
0.7293105709181785
0.8245305801110939
0.7392661805006886
0.4439006812121016
0.8138566951908849
0.5213714823493463
0.5890073935326549
0.461716974795227
0.3788653338260338
0.6051139733548236
0.10918967912296089
0.8348104848966013
0.7307669621094659
0.640917060163771
0.7878674132714197
0.47177514880182486
0.8157575614347472
0.3403222974442869
0.46089622791082396
0.4381387989850121
0.5464842713746383
0.28191134516979116
0.42034632001194194
0.2543760427941849
0.3946145715035926
0.46049400724535094
0.35031831793500345
0.8452887973589218
0.8528411730969234
0.6228713526577864
0.7130038179241053
0.16778759338694343
0.658640358757672
0.6172122862728412
0.23616903269883222
0.4511014560340861
0.4044370065801874
0.471266584180114
0.340303503515432
0.7373676675902789
0.1751714251190762
0.6193368927240992
0.6691077706145792
0.6033162037043944
0.8902577759255791
0.2953824914486709
0.5531340037261917
0.16011546601113616
0.5252452702432604
0.4937617368563583
0.45286587863252653
0.3791415403310322
0.7179986027619686
0.5190925330919106
0.7634669989769597
0.6245447079768159
0.7364311573437978
0.8703033390959445
0.3026098741710032
0.672928440226585
0.20180880622461625
0.5025689152036474
0.5826244952046281
0.5474016969490654
0.5446190627722616
0.6058493545480408
0.6923085361194083
0.18416568835486216
0.4455053717006654
0.34960417858214893
0.7743964456562606
0.42701889654634123
0.1349658187758746
0.6314555108146692
0.4346751136892702
0.42701889654634123
0.49395804759272866
0.31532390806594424
0.6660036942080241
0.45020494519873944
0.5191743254751501
0.3712921061510909
0.3431014547253755
0.747694536230239
0.5523901447812923
0.4825098293973358
0.5263909383332596
0.36309242251232526
0.5316784497316058
0.6592818306858143
0.39820541044341295
0.26553704269824596
0.6132292552054482
0.24262547284607602
0.9100933486163192
0.10293317035184277
0.8452293709644443
0.8497852719445171
0.40849065891913783
0.35461853000974414
0.2941812438011246
0.23473719889502495
0.3144805658204016
0.38213541415035146
0.6280092380802778
0.6677693368740366
0.8292430162594132
0.8439860493700564
0.6480821253440431
0.5080750186837502
0.7076986731073747
0.5269543242060738
0.34717836821466613
0.26220629275542506
0.5888724169151554
0.4479395034209994
0.6239473720555189
0.6268651955465706
0.3539049364200518
0.6812147904189644
0.6596755736730497
0.7051669556963422
0.14840864528585454
0.4582844730257573
0.3380802670047447
0.7264979647423164
0.4074513952724919
0.39001065356221826
0.6804046951878296
0.7611572777431383
0.4307473407437681
0.3870271098206773
0.41515740891999475
0.2219096562090023
0.4846685871126639
0.686863178492052
0.7403861605573184
0.7150769078673677
0.4473313910389812
0.932571461563118
0.4603353279420542
0.5454482192750792
0.6086239683954454
0.298748274887591
0.7688732781721745
0.5441041448790492
0.28719364414440884
0.7253227825370605
0.38603236818550557
0.6368200912944151
0.7189129647884249
0.5518772501462608
0.21117288257288463
0.29606717683634687
0.7516199039754052
0.7443711283310954
0.43633300586003354
0.46814260037434824
0.2438475675451468
0.810838750550996
0.7374303617114482
0.4665067034606312
0.2802059477514276
0.6453298283980436
0.26768019945531896
0.5320192251462843
0.4673592879924933
0.8478370425736352
0.4404091299031911
0.4537988477149967
0.2997669998528909
0.36370510222274405
0.5000941440106839
0.5796215930245936
0.8283787818867742
0.4480229498660724
0.31491084845989953
0.4225101195065892
0.8036745925540973
0.7403371525511689
0.5068167297212327
0.5569703215270295
0.6060361329595773
0.4382656475172992
0.17437023771269228
0.45543764050046937
0.42058655614526413
0.5253338455448865
0.25785498136402285
0.1387388340023275
0.6719566011594565
0.8454384451051025
0.29624184374568563
0.8896892149277755
0.43411193294811495
0.4381045158168571
0.943561652078175
0.4390299182464325
0.5351042729196996
0.7617390890827207
0.4572790231548856
0.5100535070751092
0.3064232089224746
0.5190441951217567
0.3020404481971383
0.5246866058769373
0.5461026477995232
0.8858306872046543
0.2902179483601814
0.32895651847321916
0.4362937030225973
0.4597512677791772
0.8150572698788799
0.07121744511883607
0.18013767541795644
0.7197951151448719
0.4523922072536069
0.5840126472391948
0.44345260322703073
0.7746963809160241
0.23293794103136117
0.5178526194908243
0.6810036515280496
0.3871237085478661
0.42998205729346106
0.7446283315666595
0.1416014290487445
0.11484201508333877
0.5971408704968574
0.6388998575873099
0.7010377625634423
0.28876347861098695
0.5522343222806327
0.3546528763389717
0.8362223858749364
0.5686189846417816
0.11781915307537605
0.48060918310333306
0.17814114868618977
0.7844796240111974
0.34602725467711387
0.5719951579183835
0.7874276096269894
0.5800072096118704
0.35296980516267523
0.33709701760557237
0.4550327168052966
0.6028751561078097
0.5856243993413012
0.590945855522989
0.7831225116678128
0.550456144753358
0.48578684506085573
0.5667063312479492
0.6110296872098989
0.6935460683536354
0.7822176527168935
0.18862594649048328
0.5002419226244041
0.6459825744383504
0.8387973345683731
0.6260437876966712
0.3943274251226548
0.40218215376529276
0.6960266773485717
0.6387488821076679
0.08843883699539577
0.8378673844307327
0.5951541839530495
0.32104920828749095
0.1708541668582433
0.2666163646141219
0.5051942702362122
0.38083309658098075
0.2213959551833867
0.49768036817006706
0.7873610324796406
0.28941977295810334
0.6127998867745004
0.19836629608070225
0.41074321847190554
0.83907477895987
0.4738503136792067
0.5877462975427967
0.8026391323952481
0.7929078315330099
0.17858876380586594
0.7154199514438766
0.2468393256494303
0.21677465169843496
0.6728494566150743
0.6366477375614659
0.5829775382975442
0.8442804094665101
0.7053226733401909
0.4477750753264459
0.7372882077992575
0.8479503602278863
0.6032483017953599
0.8400141377037486
0.35589992538832077
0.1931431797436303
0.6502781696320293
0.7483275789351377
0.4553414948715008
0.4226552859001668
0.4462494335207386
0.6039163240231349
0.54641742555216
0.5666908347439253
0.7045176300653725
0.49765870087072467
0.2731548162753102
0.4348227193569026
0.41577807456392923
0.3432776451514408
0.5565737636719406
0.3889203476034274
0.46463948915967923
0.42992189200635156
0.6511591004261044
0.15055101510429203
0.8126196353627185
0.8301277825360014
0.18392561768296906
0.5273548323282164
0.7185747604405112
0.5646625703741581
0.61545750203571
0.47430543024212285
0.8148581686374954
0.16524611594772964
0.4014491244661093
0.44733280384908647
0.7148634352244304
0.34955523865698435
0.6214761815776071
0.2872750009048908
0.5188266954784562
0.6249363350164286
0.4782439582900235
0.828687511844678
0.6406133078963171
0.3952067529475717
0.07199385890842983
0.825683212367686
0.6469524029553899
0.5293456539024622
0.667938561657922
0.5247765116669315
0.5615408386887584
0.8975540304429117
0.39717655663468576
0.6769398344857317
0.15702641402428444
0.5384583729399405
0.7905511491594736
0.5994660672757289
0.3460088988079429
0.4762131451595318
0.557438141635405
0.1811730298005305
0.2207696309202334
0.2914221664476017
0.1869935918990788
0.20363624240721864
0.5385213073644484
0.7497640966675442
0.7758171213914573
0.24551701178387236
0.6819720696016557
0.5453476847714235
0.829964552107625
0.298748274887591
0.405826759897564
0.4754234600288816
0.23146850027796598
0.6175369488174485
0.6847052134984486
0.5671280770011872
0.4015191689444845
0.45171946210318165
0.4076875622757092
0.40122170403899404
0.6999294148978426
0.8980205890184241
0.623436582295909
0.3315045052347239
0.33980535719358584
0.7741026787696964
0.5974121115905482
0.7967337605925645
0.6419479087350565
0.6504642471132422
0.6340038655437991
0.2870468308357222
0.36062690356518523
0.9108613374255231
0.26212397738607185
0.6333058616858337
0.27504291520829405
0.8404230315707529
0.74857631665123
0.35073407631048475
0.5411307069211896
0.8570500245119232
0.5206122516663069
0.4119766177555284
0.8957206926963683
0.5234199673247264
0.7907314869932112
0.11543814061737878
0.3895924186623375
0.16567113659070487
0.7245140694653383
0.3174555404539097
0.276406463789956
0.5221086271159694
0.74312024967837
0.9421081643855296
0.5258180817080258
0.373545012239162
0.5877015606184225
0.2795489513165435
0.7774383275129066
0.8115146879409232
0.5093686831404269
0.649227626333423
0.1463006974513196
0.5816444920970683
0.5114153792475036
0.42001915013286445
0.503764515807488
0.5070905853288545
0.9103951722977142
0.895827505221608
0.1804083721462151
0.5059936022772816
0.22101457361328075
0.7939792271565844
0.4780404555336419
0.8561301980518258
0.6693255528690646
0.9144479472954884
0.7550511237136435
0.28037639266764997
0.6142195770706066
0.8412039826630742
0.7344438689395134
0.2378048820462937
0.4767325347977734
0.41868633583017145
0.2351962543608379
0.25028259141150166
0.6097202960923964
0.8305746665539712
0.5440882089483519
0.3479792580498557
0.2997669998528909
0.778385222645935
0.7444902718938139
0.8178552412501012
0.24171554033763143
0.7297787065454054
0.6577301859037775
0.5299399287323822
0.8493968332156846
0.32009261388653376
0.7393037822237775
0.6889947724762113
0.7283261200351733
0.7143815548434304
0.7516894279920057
0.8567567166919761
0.7271742027486434
0.7996367640943832
0.42602726743149005
0.3280444092472074
0.3975767036354306
0.6306857400600578
0.3329866983577612
0.20788926610656794
0.7128597045302516
0.16345886735591117
0.5065114429438661
0.5766268862161924
0.4923034624005258
0.722689682303166
0.36476904549001943
0.866125858882241
0.33339132207058997
0.8614252331416825
0.6702267102774256
0.8237239886723511
0.5008081303828017
0.840586858624685
0.7661492958570637
0.5631763455975227
0.5549959912337475
0.5441332430491842
0.20056169252085657
0.5040168149446296
0.8016200811118894
0.6950360194683981
0.7667795957709024
0.49307003085343487
0.6630700873473959
0.8367482157730026
0.440474851927934
0.8660572949692428
0.6572945182394322
0.2889086564028856
0.6228422986497997
0.42154260548633105
0.43505203632070105
0.08192521881353423
0.7031844343162302
0.5002727151254893
0.6106589211665864
0.41300242067147397
0.12096182326189338
0.3623030462740154
0.7306979009207798
0.8231391526458345
0.37403605335135537
0.5492937839883609
0.3159231439247184
0.7940520495554665
0.38851537461604224
0.465130592159679
0.28133877921934153
0.5300620716407821
0.12501226728166623
0.7425861365051548
0.8123619282749979
0.7482282217243676
0.5114153792475035
0.24489369129262883
0.6686284207347574
0.5199639708781939
0.6249224583989739
0.16539702867520006
0.4579295235009277
0.7173425070421569
0.40652165656054395
0.3597548690718637
0.6126036325541633
0.18426182076404093
0.2628609819384327
0.5821742636050617
0.6571470882944291
0.5868168755978492
0.47122041164160594
0.7890958483310483
0.8481058450206561
0.23091185281636692
0.35869625874371847
0.29150861900656716
0.5439554568856225
0.2332537423778267
0.6886421745947394
0.6860255425636386
0.7053226733401909
0.36958463839755057
0.7344835802687557
0.3525048134737954
0.3866594007606987
0.6878885137357846
0.17079965219107388
0.5775123618470497
0.44728031320422473
0.2809933906067866
0.7898840109405345
0.8136924024288522
0.7282419539855566
0.3857829468677618
0.7784425677995245
0.7002838283626395
0.383481046342009
0.6425852392586987
0.6942544347599149
0.6372675974849346
0.35269378776679855
0.12785864282080064
0.425671582138976
0.252806773360428
0.5303381809201467
0.2027077516478932
0.27367474229533884
0.5916179827364361
0.2966893398603345
0.49867239115817247
0.4239845084647527
0.6509752194977498
0.6098656742786469
0.547459648485246
0.6660402260347117
0.8260162394987167
0.5768222910093358
0.7403861605573184
0.6183248494974785
0.38500054534072414
0.16883071712343822
0.5522571731398986
0.7673332517950993
0.18615671278820098
0.28449887379298
0.12187045649988441
0.8462993997927477
0.4450716265126397
0.6025685381037298
0.6129432578291831
0.4738612053939226
0.6462206995978977
0.841679839724636
0.9233309129921109
0.14361929183087713
0.7631935291068959
0.16080050534818596
0.6479690013377996
0.15143049373202466
0.783635558911213
0.15456403149704823
0.5593780023857278
0.16338630976834628
0.7348730298535476
0.62397875430565
0.9074083253510423
0.4237695728274214
0.31449997521014816
0.2691854383759552
0.70359187507021
0.18468263907569824
0.6497313445183838
0.8610279574200936
0.8500381208670869
0.6383867844902594
0.40849065891913783
0.6826409056579099
0.39052611649866925
0.8579097196369481
0.5058828456999639
0.5234368189316871
0.3426583908095467
0.8934602712972941
0.25987301132011653
0.4875927265859378
0.27203614371885654
0.2223395409297335
0.7739039569178278
0.21194961647498722
0.13761685014358818
0.7019960085834398
0.388944751757718
0.5060266334512045
0.4313431274524968
0.5780191004258682
0.5600848212984394
0.8013860635227901
0.3229203421766897
0.7802603976040278
0.8672021433798215
0.5149060822379384
0.5057578925044118
0.10650638360941304
0.5708346405481645
0.8641196144309928
0.44995421593380414
0.53209731785923
0.21973488161148286
0.37508578829295747
0.6017933849935401
0.6614704126068188
0.12970930711480488
0.5241777372651898
0.2708107627064817
0.20234809065347018
0.683925963690532
0.764846756359043
0.7542891701229961
0.7923232763850648
0.09673661314515711
0.4106208152789912
0.8954353478029985
0.7282419539855566
0.20283631187753917
0.9292176040896886
0.15945467351078693
0.5814050132798622
0.17128819946417284
0.17146414888668637
0.8454083482102457
0.2519829011342496
0.4341757354148385
0.7456081435248051
0.4549960908076215
0.5649921525254032
0.3022057596453973
0.7011117773701262
0.855278051829786
0.804992250305133
0.7951265340874564
0.16266856173120162
0.5884852827671417
0.6586755072200439
0.2842006272202863
0.3270800247091231
0.09838914229493487
0.3935169453422534
0.16416095608751252
0.4062471831844716
0.2057654271309749
0.40932459068031535
0.8386831539969344
0.9022794696308967
0.4016310729100391
0.7209996110160427
0.8112269765707808
0.8253746309593668
0.9043604938121572
0.2396567827897199
0.8257526643686166
0.7770222582403894
0.5161605560863168
0.580185154587343
0.5787443672550961
0.8090794385683211
0.773234843850493
0.7918370566273477
0.6824821546619012
0.13221017436567134
0.346166141220154
0.3694658765862438
0.7564442234805657
0.7873610324796406
0.5938502072289871
0.848686729932948
0.2092028377941196
0.6255380380629484
0.3587353646883274
0.5087752740778361
0.41379339635113005
0.8687100081958824
0.5507457082291757
0.5575980048974568
0.4885718850947466
0.8611443342362403
0.5604782468529542
0.53030802687043
0.6563542903645698
0.5360664809910703
0.6572162149919956
0.5958935536067551
0.47715621953373705
0.08746073558265711
0.4226452847899355
0.5609594843296508
0.8438980908432104
0.7140436739647796
0.1674401395121019
0.8151350712115217
0.37521307007086135
0.4720184670237184
0.6898884318186408
0.8045217877008689
0.6366870997287014
0.7132836101901322
0.2334099310324918
0.6249513278065448
0.38907670974468345
0.463071497401436
0.47258263842952397
0.24458640367453138
0.24170724084012224
0.4685973720561436
0.48994579080952255
0.47115725109441353
0.47122041164160594
0.2057654271309749
0.23165371926184616
0.725650308876859
0.5635762775453722
0.398403550603759
0.3133525618549188
0.3320576725824596
0.2083457911089481
0.6955686323608025
0.7602023250831809
0.41414906962843745
0.4507913844987405
0.23681232867659932
0.3830899951560378
0.6326175756982447
0.7127286389033142
0.1690292071143157
0.5999946724366231
0.34199158650891576
0.6694769950907132
0.73711486309663
0.6508887833035469
0.7166435712176131
0.6518403591837593
0.7259660158873131
0.4149189998527866
0.5911796200416514
0.7214455035504869
0.7737323941640932
0.4226255236137881
0.6772327791029533
0.7011088708514142
0.3268289712125871
0.4988539518300049
0.4782972774389367
0.5247565558589763
0.7899166757833979
0.7058282358686845
0.42433724919910365
0.7785566216553372
0.586159607968092
0.7651182946872671
0.4687892303572822
0.6021525038263081
0.8501622870453126
0.6305272164615894
0.8605044623222511
0.7478672420958911
0.5967031437398999
0.37247452657734664
0.16862311921399775
0.7801359831982076
0.685199403441539
0.35686762782465653
0.6192411703372324
0.5993796825622508
0.477156219533737
0.7981893659304943
0.4548931159212552
0.8703033390959445
0.2949355466924342
0.514725842690055
0.3441669255620111
0.21703027652118684
0.38214274207178023
0.740776917978509
0.49503594889794633
0.7408461884943555
0.11275765244128266
0.21147609165733353
0.2508020457729969
0.0666445277572121
0.8737141851260172
0.4045939313498038
0.6594292108336703
0.5517581295700315
0.7898614611351714
0.799426657360224
0.8500935345326431
0.46677072711179196
0.6186624430894069
0.2223688270849498
0.47105003923719524
0.31571581386580455
0.8852531628333692
0.38555412193181504
0.5462166722307703
0.4892171403334531
0.8313187884711549
0.5439359247980828
0.1664872301721561
0.44425587294614916
0.5812260645878047
0.7358186269971376
0.6670861391541332
0.1686947076576373
0.7836427796007238
0.3203064626361096
0.7767222179080272
0.7294693360779987
0.4975482235206592
0.7381917931251293
0.6728494566150743
0.5538039456962555
0.37582159267430243
0.920246270105207
0.7523138958181997
0.3838992219123694
0.8923714143296494
0.4135755456594191
0.7863439635342662
0.7582599691181756
0.7187716164438949
0.8866663427339279
0.4572509208367013
0.5759922319234853
0.415186819790941
0.6825403394588883
0.24438631350055343
0.7020720383500112
0.6210795273688733
0.265436176318298
0.3845421345531794
0.14509685042416215
0.3725271610819906
0.537180867538341
0.2654513844167898
0.5507683422580196
0.8940884169087022
0.20591837508389912
0.17596734832427088
0.2563942299080911
0.5478510536556978
0.10517102167828976
0.7063450132591909
0.6994681239364885
0.2800441196686043
0.48163133973046907
0.7804182519325621
0.3501675291318706
0.7647117896348422
0.4343694138080526
0.4157841208474255
0.7403371525511689
0.3105436134394903
0.4549422914527646
0.35642908317397165
0.7050171722239242
0.44303677565372473
0.6487691864027517
0.7926923710555608
0.1826921865143473
0.40983264888608506
0.5620376990560262
0.8819559248425405
0.23966534826571595
0.9195740153983173
0.8365646123487712
0.29053711296378465
0.6199345298084248
0.8443724397439555
0.6101536066340421
0.677557066752426
0.28577091213556605
0.2861547183463343
0.20624975169571313
0.3803663217103299
0.31057986385432174
0.2654619495693912
0.5327823993834954
0.5539359930412324
0.49663176763646777
0.4650919295116155
0.2656417614538591
0.6791415506712416
0.3863266302589627
0.28608803608066774
0.846463730109887
0.5192749770499785
0.35887882236599616
0.2318359553475448
0.5221553075106211
0.7312243518242961
0.3262674152428402
0.7288705212612471
0.6429160125425282
0.8570261736422722
0.5764088977546347
0.8880259288071822
0.19488127623750176
0.6638633496855021
0.7760947756094289
0.7558818775907719
0.4788856942853781
0.24990945598478623
0.7918370566273477
0.8581141988979188
0.12455627489013535
0.8179970924608102
0.6859155149463656
0.295305475882738
0.5055258260238688
0.34527383842515813
0.6472832824786393
0.5737165404797164
0.690243454508105
0.3039492234777966
0.6911051223768502
0.45749172620026535
0.3259090577698581
0.8390614836436112
0.3418330351135304
0.3149054403374539
0.6820768416760434
0.2677995166907028
0.643700401072719
0.6243071645600583
0.8475596125337207
0.6049373868213023
0.5550448380565699
0.5275767524560113
0.8525964578602316
0.8203740163278023
0.3345460254703452
0.31429484363761145
0.6887909363243938
0.821668986448075
0.2956862955815323
0.16056336518825456
0.5634778834875132
0.7712702260304561
0.7049836452576854
0.21885530649566579
0.7907025361423367
0.6463845337814781
0.233477601365284
0.3815715100660497
0.6400419069515971
0.4672029825023888
0.3967682190025864
0.8313623418492078
0.5344059030272718
0.534681931508116
0.23935173085941866
0.41942593998616307
0.19705622892359304
0.581464230927128
0.8527542088398223
0.8190137818828706
0.4080099650506815
0.12527634572314525
0.5604685611087359
0.5880818405452991
0.8444398580371476
0.8040502194019524
0.28110595925199017
0.3569243513865987
0.5043797963281264
0.7353794349593975
0.16902749946350587
0.15297028189830297
0.6339130505338952
0.21788412253862524
0.6456002557614698
0.3301961672341119
0.8288379595380168
0.25111544319227896
0.28501182761104643
0.7850957402738743
0.44406001998416766
0.5987370639085641
0.6534484164297687
0.644352424695097
0.8262207055871533
0.577169138159168
0.15365869404004898
0.6471159469775088
0.8025684189902395
0.8366712468434702
0.3515780771528978
0.6178803918354364
0.13936160608595943
0.7827865658961366
0.46405096374704535
0.4700139711826912
0.1704807874576678
0.39625585371295385
0.565765418771114
0.1639405046263989
0.22114545455289708
0.5445465112753926
0.3365011324487785
0.8903678036469312
0.8422851120347349
0.820310330778064
0.6242793572102668
0.7952137473398554
0.7247452486129575
0.5222910457706541
0.8021492664083095
0.7684274798827019
0.6516203462314639
0.4628869997953433
0.7456137804722485
0.6697384606408295
0.6082622017581902
0.27732605939638405
0.537249209516873
0.6841677983008246
0.2213959551833867
0.6603779328132806
0.5375418879281961
0.7128082427610144
0.6239971883335212
0.2211538766555146
0.6234621656582637
0.7429553164156364
0.8315795197564811
0.4764983538417214
0.5707967653077252
0.7185777296307144
0.7808141667972839
0.717200450141392
0.2390502324840584
0.4712474938769975
0.47464120995374304
0.8411486988723477
0.6421102782610987
0.9174611225878743
0.3035125250163212
0.5060596432292288
0.19816264552313462
0.5387448219045231
0.13683969298490964
0.5852326283083449
0.39818937191423887
0.6187539035228021
0.368249775667145
0.4553414948715008
0.4278049138955049
0.6353951582473825
0.8251779502732571
0.3977701923599689
0.8329423301886169
0.4531613905658827
0.8754501130176522
0.559881280857342
0.6456013658210662
0.38641689523339884
0.4321592290554422
0.735676291352624
0.808610270754949
0.2938509598615134
0.4029607767177388
0.5144996948557987
0.7121500829751958
0.6853334434392786
0.8412039826630742
0.5968034205355972
0.562415885816344
0.7186963589898047
0.2145885179842165
0.7820983736449652
0.8239881571674895
0.34740097101547857
0.6260240123558928
0.9204848944836531
0.648408530953083
0.2667658736292292
0.5839282803292526
0.42979541682496486
0.5831016189932652
0.3320452684745908
0.6169895923586332
0.15391937235465122
0.860466383523743
0.37991991402937425
0.28590404005530246
0.6253711783337458
0.7790524435069722
0.4479323613622214
0.5303313578719901
0.45444765521609143
0.31698289213776404
0.7905511491594736
0.6119613747447906
0.5322923614290386
0.8300878376327961
0.7088622509499862
0.37807111626470646
0.8350431492146786
0.7952967091966409
0.4214399878383422
0.7763647470385516
0.6588581047678789
0.4027703050098827
0.29486686563841397
0.5327986473713278
0.7832620513905173
0.7707028357369113
0.5304945828296143
0.612286790450287
0.5154969351001133
0.5991057954288387
0.6702999548726061
0.21523608475706538
0.6183037286885595
0.4543116461323723
0.41544266585505407
0.678806377598658
0.5288989829393169
0.6765360226433705
0.2637586277779039
0.16918516458761537
0.7617598624877049
0.7040019803990715
0.5449009475780359
0.3915445930686056
0.6472542497259286
0.9134433345877199
0.4511842597526573
0.19130790427527206
0.28944288335951673
0.6682123674258106
0.1705846782256902
0.8203235435909177
0.186748175186178
0.8140473978050228
0.4344763902100438
0.6687338680121456
0.7787275957478567
0.26275305019013345
0.6426319975600305
0.34144493506886603
0.436950027577471
0.47308331873518256
0.7768224639888759
0.30713656022296293
0.5517795980055265
0.5422335809747687
0.7854257391806015
0.7671485574065601
0.41091309785316804
0.7455910446772239
0.2687201880952724
0.6316393127530799
0.39876929495171387
0.8132823242587109
0.4285370372558459
0.6802891991709726
0.7568630982440756
0.6801428061439977
0.5418842023203548
0.9402977899168817
0.24019584104083924
0.4482397699419806
0.5858967437584218
0.8056675139213139
0.8262240015198783
0.6779694179785251
0.3998735627902321
0.5480337568953959
0.715555998395475
0.5146747329009486
0.2621322540772991
0.2885547255372074
0.32431117783984625
0.5470171546324812
0.5485838002223511
0.9110880459265475
0.4010657631980112
0.5813239896713147
0.8186230016026425
0.1982571239613108
0.18848835862935548
0.9035253036349772
0.4223423864948149
0.4213985464215898
0.30704753972703674
0.5212841885361194
0.815039355878103
0.6664407227457257
0.3761280920350152
0.17600564110960648
0.5741455972130636
0.7632663948993441
0.36814156186954117
0.21727157629670477
0.5146712434418219
0.15212738075138613
0.6784217096280611
0.7279458307921336
0.14515836053665082
0.6308354902217937
0.7185282519771635
0.2883493075562076
0.3280444092472074
0.7368822779910845
0.23199153065845188
0.5990769972086252
0.5041845271927571
0.2746614912533278
0.6382591361221122
0.45118425975265725
0.6073899447651591
0.7517523725197331
0.8669690047141893
0.11799061756677476
0.6428715912769449
0.5858967437584218
0.32022810411596314
0.2645719777806331
0.5640583418211329
0.47608364946746273
0.6554884610452334
0.5206786817146027
0.6857792173940379
0.6790460746982526
0.43408854003807185
0.37918680490400275
0.7108284668847611
0.5550276487127708
0.2614956739589207
0.7011117773701261
0.18293760878147242
0.6137297028294372
0.30022115648189424
0.13362186721224942
0.7805335989448616
0.7885733148924359
0.5192749770499784
0.11114245165023635
0.6907733627907316
0.35909173873307126
0.2309784556255422
0.3210610091820727
0.2621101870949986
0.7266728867952363
0.5458721109568283
0.5107307506018679
0.8523495978595644
0.6710763511904504
0.7379475880627054
0.9280960257280059
0.48328312840255055
0.9110880459265474
0.4658694114780057
0.21338689499543517
0.3148140928186242
0.4351744899805041
0.5747568146054806
0.5759726319069987
0.8476675905855415
0.19075119759740036
0.5950567421675529
0.15504663315075592
0.5882926106916028
0.3444468756948443
0.61982956793976
0.6361868778289095
0.7502255306331552
0.541039030375966
0.7652678253870495
0.5418100797159642
0.6465150029101021
0.7423444417574336
0.74420830237906
0.41745401156254225
0.39339833459802054
0.21045271959992254
0.5194799895960652
0.6526903470241548
0.7393037822237775
0.24885436634680305
0.759956426965047
0.6060269917269898
0.2874493635454181
0.6072992589180186
0.5788482817608157
0.4642970593862759
0.5316784497316058
0.5302128724127826
0.8361991759256433
0.6180364409130473
0.34998376411966897
0.5469345081524136
0.4824314342391457
0.5133664859486414
0.7470088120224008
0.7349587444782387
0.5859759627522366
0.7962531077675308
0.19490941472079132
0.48246382817970174
0.7821813971076123
0.6128622226402767
0.6577447834289076
0.3310397306205291
0.2790908370161013
0.8964390570649432
0.21039940569235946
0.8978419990830155
0.8351659609245841
0.198878334102183
0.577600141470393
0.5226294646503153
0.74384656995428
0.8424023970435184
0.17141139773013456
0.22439211266517373
0.9032157702067478
0.39344018639878986
0.8608949186970422
0.3927554984247322
0.7165864320099339
0.7435179261952155
0.2648086773995618
0.509538392602391
0.7833031258548075
0.6541547764399065
0.13274841238529148
0.9121868387460992
0.710300815689063
0.8896214868935333
0.7185725763690315
0.5293282335617268
0.4038351291629475
0.1459788767482174
0.20905023183640414
0.43283064604305954
0.26317008040646844
0.8776503661496443
0.5752085020925208
0.5638020769561775
0.7063497963434853
0.8426026650418815
0.8834853832729683
0.5789571407888116
0.6902004280102243
0.37636910724063016
0.7362964767806858
0.7872541762404621
0.5438120111797551
0.15320221519610183
0.805384165628365
0.25564308591571927
0.34190093840215297
0.6947634619862038
0.13552255572935426
0.426250637554572
0.563831020113816
0.6586078692726716
0.8658935008813253
0.33654332329896186
0.5249330181291064
0.46341094361040763
0.7833641573273097
0.781008595195248
0.8507305165335962
0.5389286099198795
0.7834348561649188
0.5327118278125846
0.67369132528653
0.8667828597568809
0.515521425405478
0.5445137740044242
0.7226334369068184
0.3714968528890181
0.10713645549842633
0.6926157831261927
0.18682721710778066
0.45261549455019207
0.16701017504027402
0.3851801914676366
0.399556289282628
0.8206378437657657
0.28118923875878404
0.5697718687727978
0.5904603628043329
0.7510593917052127
0.6598900608518689
0.6473940965633189
0.47401493162189545
0.5003366378015591
0.5702591416987394
0.4240477746595452
0.7764645292529246
0.3235578311580781
0.3957297355068068
0.7205518896910168
0.32114030348266515
0.512220744924645
0.8509370155689717
0.45453958236453645
0.20471760750590387
0.412536065903919
0.3431480713793861
0.7191580246556011
0.825842980752184
0.6196937967945624
0.6660916273331692
0.13860561679481348
0.34531717132027817
0.1592108797584913
0.7451565303997432
0.5588467890225266
0.35961310407008434
0.8464478307573702
0.5906155055834936
0.20401590825087768
0.772447292275265
0.18900352684072405
0.24917201218155893
0.4431021779821274
0.52011626783494
0.4206571975667065
0.296902580350855
0.5661984669561925
0.4933581239067581
0.2824922224464667
0.5145958841497085
0.6793696070477104
0.5781371601217448
0.6860090057791784
0.7555763806075851
0.5968071978937796
0.772068731321218
0.5146560540975661
0.7193370772117083
0.4471504300286654
0.17049064181321041
0.4765232760703414
0.2619973490402866
0.4347225525545423
0.7479551233859997
0.1916251868825643
0.7916609659534963
0.13623151063272929
0.5261328155322508
0.6365288871912654
0.696666675151492
0.7424604766674864
0.7783172960565388
0.2892159993663457
0.7784841033745561
0.2261159809756807
0.4004676635634107
0.5702824136253967
0.11310196105868743
0.4709021880443915
0.40841970694164564
0.39544545348003085
0.27068878565913423
0.9469975396967062
0.43876634678278464
0.47460490385073856
0.7354778041761186
0.6104915930101684
0.3757149734250885
0.35269378776679855
0.5229633593350794
0.46382679452732317
0.5748049793991856
0.8228805786774899
0.7955221176348544
0.5382289340043337
0.8055085426890174
0.122589404588075
0.8646192837079799
0.49621005264142537
0.48981945906449614
0.5580036877946843
0.2736421627639151
0.11313060960293113
0.43945140258543386
0.790130973135692
0.323091138479015
0.4236208475424178
0.29061207060244865
0.7414400958487837
0.22789663844865385
0.8747628562053419
0.5689130997474238
0.7918370566273477
0.41130014683123967
0.37744285104931075
0.4452831420755611
0.8249523086341399
0.43239390208340056
0.3272259530135632
0.6364825582400568
0.44163916065339814
0.39728230140581144
0.4574201442989184
0.4214037906634014
0.4882048682248789
0.7345326974727203
0.6059072928036251
0.4693490144216449
0.33872311769903013
0.8403731954657946
0.6145606030997167
0.7764001818017202
0.6777565799422395
0.28583665094020244
0.2961029930616016
0.35915011020631304
0.642186540334475
0.39123806382242987
0.2733523042251998
0.4318408767776449
0.45900810664890196
0.7495581493008286
0.25606431412196523
0.5129273875530458
0.5736343400736579
0.5822911093552751
0.4742479533245091
0.49280776420093114
0.8500381208670867
0.13388725036090196
0.6252302657038327
0.2288221224585837
0.49871126501643737
0.5190441951217566
0.437182843112541
0.19326549798907353
0.7584652464726034
0.829291147551214
0.3737598498046788
0.3760726354287081
0.746086275944271
0.2520713860000361
0.3931911556797148
0.41237321339929195
0.5708429429525075
0.7365928163921546
0.6922655623057231
0.5687019068240607
0.5522985508433572
0.30021313249231363
0.7960221143482691
0.8054385145285375
0.8098159120741596
0.6860295101882135
0.8385260877602457
0.759956426965047
0.3107952656001904
0.3645024402648619
0.3220760869484698
0.7708331909610909
0.10648124919966824
0.7300617589350727
0.7011088708514142
0.4565211313718874
0.17875291230018361
0.5015008095733775
0.5302691443240083
0.7827754048711532
0.8193062312369895
0.8299261034902619
0.7072684426030987
0.5319639061626773
0.5812246716946962
0.11721745939826791
0.8839677457462937
0.4785346289006071
0.5917901574851984
0.08189968678729383
0.6367817347460778
0.44363430909903373
0.27626894592539464
0.3169590709910293
0.7249150801435014
0.42316088302496413
0.6266826026264823
0.6634230755379487
0.07649637273389413
0.7122869668355531
0.6945171893343103
0.6713182156632927
0.45843658812533133
0.26215599183173444
0.6918862521478085
0.7517103284516659
0.26972261705206807
0.8322456521622
0.5491703274266739
0.5371403648138255
0.3748549543568661
0.5185637643281114
0.6383401253146772
0.798321999409452
0.6710316693118685
0.4639056446429217
0.6063195900600608
0.3647604610182585
0.1749949358700046
0.17092983906550974
0.5802014428811559
0.28958751689210954
0.5621471741317774
0.8519048934647344
0.5023449968655963
0.5862564911378546
0.5480337568953959
0.7205518896910168
0.6619359172298647
0.20748727685274493
0.540279276030364
0.8048708139743258
0.491772517477888
0.4491259194216822
0.7466810036041163
0.34171798456264374
0.22512601132524
0.7814863444618936
0.526242508401471
0.5315923287010443
0.6767013495167552
0.8139451826904074
0.6866220100833804
0.5433350237944264
0.5058855968255305
0.5708470930252459
0.1277769301177274
0.5465641828160093
0.2827037359639982
0.5751632377676555
0.3872769064215019
0.7699201722589412
0.4451105759975987
0.5589968651904083
0.15524319242039392
0.4155831839419313
0.6138436422717236
0.3294334357891621
0.35857057502856865
0.6570612376782708
0.7832355078911704
0.560232276623005
0.4519495261583755
0.621207075881753
0.8136415102041469
0.8421852872027372
0.34298507844277665
0.4758955074430039
0.2548889049292811
0.8221256258937095
0.26230449393921623
0.737851441231833
0.3034567177168603
0.604607724080333
0.23990469068282697
0.4021100816158308
0.5315372796159512
0.7833641573273097
0.4431745149214458
0.6969755769696674
0.746914048204685
0.4892737824102485
0.6068668873929595
0.7188811266472446
0.23013287386073117
0.7779165806483445
0.15849425238516981
0.4908446664452931
0.3820197242903937
0.2747520349875359
0.6216666322340574
0.17141139773013456
0.6707313795341908
0.499638871171257
0.4762140509632118
0.8466444660325547
0.8361052368466296
0.4926905051302658
0.7273538451750101
0.16829039133463236
0.5688744521841975
0.38500054534072414
0.657524425582892
0.8876144729971507
0.6070568893105883
0.8682031494690459
0.28930295921370713
0.7832620513905174
0.6177668297321626
0.625644636596292
0.6101536066340421
0.32373223726200956
0.21331528074389694
0.4172304010110224
0.8452074622834458
0.5523730834466475
0.41749381346377146
0.35523070603696205
0.2880197179352431
0.36736957061334774
0.41059959322918727
0.6929147036807649
0.928044893020924
0.577110157170247
0.5979857145199126
0.44087983813768805
0.8056613188477539
0.32725271402612616
0.5534671356460189
0.47001493759974944
0.6732395177464157
0.7621504894873689
0.3067825512047323
0.31085970274754476
0.6605184239758881
0.167331191941214
0.5095216351435031
0.7816458592072484
0.15912438533965914
0.516062027562122
0.5785775864538312
0.7929763887136759
0.810162237386231
0.799346850702746
0.4439834063998856
0.6193368927240992
0.8830267678083312
0.7201165990198475
0.8560123875437858
0.8630330908121097
0.7247818567540933
0.841675684584112
0.4635752859293087
0.8696891002671874
0.5711494256376033
0.648695229783306
0.606973377030869
0.41598811323880464
0.3313623648236953
0.6899156605949575
0.5164648211590582
0.20202412572863226
0.4370487330538046
0.6308001203316695
0.5269209766517361
0.4702306243406387
0.24977485055365214
0.6556587448704713
0.6583056443323877
0.46934487177524875
0.33877354595101183
0.8682696960448184
0.3056199416437668
0.8249313080212999
0.6579838702099218
0.8629293328764384
0.8017710042126327
0.5701019777716024
0.10956652280636446
0.5823755491954763
0.7908718682084874
0.9125546183252033
0.15787878552849072
0.2044164663678872
0.35033740334295027
0.4074383006860925
0.6120852392941348
0.11204108534948155
0.8722340828967587
0.46163847812630204
0.6240296604674298
0.6846773453976303
0.4213280734033597
0.5730583576708486
0.5290233287158308
0.11097601488883975
0.8296984623731053
0.47011767136064464
0.2560091188147787
0.3428300553953385
0.49307515414715186
0.2934982387331766
0.6961841511104763
0.5460632124879825
0.6926956538326102
0.37109225234079646
0.5230727568626862
0.42642185129769306
0.2672426559507821
0.6962545472274921
0.5330090945767063
0.6485415806992134
0.5449009475780359
0.3553897709722328
0.6490487596697705
0.7877706919265924
0.4565211313718874
0.5320192251462843
0.5976902250548299
0.7631248747046532
0.5030917403855918
0.6086010779230588
0.6525642674014753
0.27247491759670395
0.25844406214222443
0.2396041124382922
0.5828076656972135
0.4618102161811328
0.24769217350777215
0.6229212774877056
0.25969199838801915
0.8086655202307969
0.5178526194908243
0.8225743528068475
0.6783191291793716
0.26166915493357656
0.14638438652198194
0.8472241527233403
0.4543333979400011
0.1482551939634398
0.559697071701257
0.4527222020730127
0.4550865385760166
0.47052039034476417
0.6450569791997042
0.2252332926428894
0.8902154738631955
0.3065005396739884
0.45963245367222244
0.8579813970196978
0.7595927359152098
0.4962815559271799
0.5058223477714437
0.6401121044780295
0.562496599493202
0.5835863911545078
0.7754023273631634
0.622011193772101
0.8860133464459717
0.4068493029194948
0.497502471007132
0.44815396755766673
0.16874864043999382
0.590146593183423
0.8238257663611328
0.6430842429553224
0.08871156645161403
0.8037991937467117
0.21933790094202368
0.15378561616733324
0.10753586202854896
0.42782413688244525
0.6529792035209548
0.6778194939516428
0.5111255925456875
0.28048921188962106
0.40652165656054395
0.4556245129013499
0.36120417071259653
0.7018863633426778
0.5231987438584349
0.3435363470445919
0.4069357595962129
0.7580210683763962
0.46533223389173395
0.9005286700861823
0.8073863681066848
0.32048946014001856
0.7453310370625095
0.586227586635972
0.17405316697816156
0.7272754541613529
0.18776577076414183
0.41546249036538346
0.6014685610842263
0.6813123156880491
0.7917957898231118
0.20685389532762338
0.5502562556448716
0.7245746965679666
0.1922597709297597
0.630156458788595
0.3844226515921111
0.4418139078464834
0.3456126415083076
0.3346522174734316
0.198332745957741
0.6361910975192873
0.762331380362318
0.5672163965317493
0.3295153044368968
0.5275767524560114
0.3190835482241284
0.6680266535867027
0.8447074294716057
0.8714570144534636
0.6844218237940122
0.6831765518848624
0.1130165702932762
0.29837956368492885
0.5590852315490673
0.7628361425994987
0.5581039217975786
0.6809515651725998
0.6787021647055689
0.434082563076437
0.5526983686885422
0.5162900980350098
0.4660035201093524
0.13515269233449645
0.6188106993023396
0.2369698011315193
0.41457717051615495
0.6379233508272639
0.9422548740745657
0.7354778041761186
0.30141929501697573
0.8358631853123566
0.4946622779417849
0.6127998867745004
0.7460692802028541
0.7215377308157331
0.3565911135099797
0.09351759162929861
0.722530790656111
0.18339483617244007
0.5876356250379909
0.374624311176402
0.23543250685091802
0.8414601967820772
0.6385234177115622
0.26806728265368407
0.49445473303312726
0.2227097408116224
0.40892540612095607
0.7264529779018399
0.33483916027892746
0.16532808141998315
0.13679492720844563
0.45001167281309956
0.18978763856932732
0.8464289334093172
0.45956998251754017
0.30669764850248526
0.7744623272399701
0.17250812420349151
0.7769924981391277
0.5755757498178977
0.4653236517556459
0.15934652015848258
0.47301172500866745
0.775631540829322
0.6842683737372137
0.3073833797747907
0.8654054213451684
0.4697275924581963
0.513782165997734
0.5755824043837506
0.8178079710271904
0.6944138568133419
0.20695366567527318
0.49855531799589176
0.3938661212121206
0.45871612711087273
0.46666196556586953
0.2632793402299457
0.501595789931134
0.8129962595883024
0.15154994669154398
0.6605077429053207
0.8694568889925457
0.7025006556517698
0.7951979902877326
0.6065859369688877
0.14334182592573028
0.35488655993967666
0.5371960968272445
0.22174894200668746
0.5364352890242999
0.3998432930152294
0.3051781618747384
0.6440068862365004
0.21148617332933498
0.6431400312777151
0.7288514238804529
0.2932278249504985
0.24008183116797052
0.32422102831498373
0.7650302960683585
0.5952909247513277
0.6150948543731466
0.47610453571073186
0.5395317753071595
0.4771962038887096
0.6387488821076679
0.590141791341234
0.9274477787285906
0.3279488145385981
0.5254760354002028
0.5398703169505092
0.4794621159664925
0.19246477894142328
0.5469824528892577
0.9168903830589892
0.5703390533381717
0.24334739636261343
0.5670558142081924
0.4231313203095174
0.2639674234134035
0.42481750822897135
0.7013090639556991
0.4690357155357187
0.3957749990801166
0.12530409744159635
0.646632465429954
0.7983129867910806
0.4537702741799061
0.5277692681606587
0.6783191291793716
0.9110880459265474
0.3101570557732896
0.613044709146843
0.47371564970952773
0.2647116433898077
0.8973751393356694
0.6158053769046744
0.32300652386214707
0.7675533206318921
0.42920541410544844
0.43756149126935057
0.6609541977662639
0.15932592228769554
0.49714961380709194
0.8237493198630188
0.5947942283172764
0.46404189689236813
0.32764016829699244
0.6217702988488111
0.5218415105629642
0.4930822435264078
0.6348915543305671
0.5908930616681473
0.4380357077808761
0.4193868505720483
0.6660677900299415
0.5393021115615693
0.6635997013025193
0.37462428527790875
0.5016732521608994
0.6916843448444651
0.8161570561003627
0.29308141006942934
0.7654512843121558
0.40061061049934416
0.7992107521194689
0.28438126430509864
0.4700823428769335
0.3900145010439956
0.3315045052347239
0.6568631817703607
0.25622122043647666
0.7842921786360885
0.4475743488245555
0.42040671341563923
0.40841970694164564
0.7354824254485923
0.7445047449658241
0.45370315117585613
0.8493185743291015
0.45953468002965364
0.593046402688031
0.5596550228464253
0.7981893659304943
0.6460628686352812
0.6929147036807649
0.5345356604747366
0.32895651847321916
0.38264757034137975
0.45252828826299607
0.5289931065915683
0.18157229976252182
0.6684480748096802
0.1399520345881947
0.6457946081298226
0.5616493388169244
0.2739319834219037
0.7232018563681154
0.223255999240152
0.28397518530734084
0.5961590741781341
0.48237118267731294
0.2862831519478231
0.48066605103001836
0.257573752298427
0.594448566758174
0.44579119025110475
0.4537988477149967
0.20223541340872314
0.3644296750999917
0.6228294599729336
0.8086319526807955
0.8662770075525628
0.4249382822888771
0.49925642810852844
0.22682474132806021
0.6708120786568526
0.3424146090178146
0.44474413042033173
0.24049209625520498
0.16194246934929005
0.27748023863039
0.8540745458414719
0.8433511578184137
0.7154660634903562
0.3396415627655023
0.508291794221219
0.32449661845053884
0.5867841586074564
0.26226197901217774
0.6700470329587155
0.4067021038485378
0.6952814179108006
0.4830235309579144
0.48761474463839843
0.2181598380487027
0.2115917257828274
0.8619211761619237
0.38662085802000884
0.46726409772205796
0.21576932184282707
0.670892849985602
0.5316258831890018
0.4574201442989184
0.4339783590130615
0.9196359714978559
0.5911812253612897
0.7307412240901618
0.40016974335891653
0.6371726654304165
0.6571712799486608
0.6424331622226519
0.8714048176519873
0.40357263326248016
0.6435174398169916
0.28722048932383487
0.1757280310731912
0.4357677762698505
0.34579418835251097
0.3862340280073511
0.7086780468607619
0.3131388146579313
0.4678910575155999
0.7452444633155398
0.8570877960401916
0.09969982384465255
0.6162182870515396
0.5504985132264666
0.5598885422303143
0.5254677651480586
0.8152629612327081
0.14688859648701608
0.2665307877257208
0.5153932334001111
0.59724305900176
0.7114659559948199
0.44317451492144583
0.5306650568031801
0.8274510238429552
0.584781277026234
0.455808859125527
0.7436930640957978
0.8006965990151149
0.5153774439414516
0.18101876259390204
0.2390895379043402
0.5731968527860473
0.7874417377362656
0.6166263325252342
0.5352294477092927
0.7898614611351712
0.46107463126704346
0.6548383883817176
0.38722223559559166
0.35929031904564657
0.5315860335479224
0.6767886921363525
0.6041995397525561
0.930682091912888
0.679466388092088
0.49107239329240543
0.6747534818335011
0.8401399356032369
0.47405293831829576
0.8440110714447082
0.11311328950922155
0.6736128883112942
0.6678267325961224
0.7086780468607619
0.6120852392941348
0.7944049728112624
0.31881306996339603
0.1933848874523814
0.525838787634429
0.24910760990203287
0.7163369682498587
0.47351896677598654
0.32200715808801506
0.7536018297599841
0.814501864794419
0.7141090468482773
0.545729714579225
0.7993468507027462
0.6325478986306752
0.39869142022485426
0.485207784168339
0.5149093004662723
0.708347801440984
0.6819488690782715
0.4735932108362428
0.21193200775801416
0.8019600512482759
0.4682621582643479
0.7276750419611149
0.737661714303834
0.6504642471132422
0.5821535832289821
0.2789399134252071
0.33311084736548113
0.8628994603818939
0.3358810219667442
0.32009608745461526
0.7677406511658588
0.2228276182149019
0.7708058029162891
0.4000912862978572
0.5774309993196852
0.127436950603093
0.7407591029268582
0.20824534182515175
0.29827680401828166
0.748199686411739
0.4008807197633908
0.7848785680273183
0.5797972191236226
0.6605266674886795
0.4135344725755861
0.5243408500147769
0.642569759568778
0.24924038762067127
0.4497251291758773
0.5904876007800647
0.5042601976978942
0.3186199704614244
0.4918802839320481
0.3973363862743557
0.8294523619491704
0.7187969186434678
0.32764016829699244
0.27050227083001166
0.26704715064626294
0.3719468531882841
0.7708058029162892
0.8029274082242026
0.720067170770133
0.48279251239206933
0.8819230241367131
0.8797929856323687
0.8711712398062754
0.728253538363407
0.4928641539006076
0.8341747696611171
0.5650908046557759
0.255735796338355
0.7445047449658241
0.8115067766210304
0.5036143023087547
0.6912232761503786
0.14371829092920307
0.20824534182515175
0.8093511882037918
0.8120388681794094
0.5668016451508954
0.7366505271119328
0.6689754812635594
0.21728144455046458
0.6798030015290704
0.9367884766265372
0.606746936878707
0.2591402453914182
0.7389576872672746
0.7134302181277844
0.8543952777604069
0.24613955075066293
0.7033563111411638
0.5793947210676398
0.1979473915023902
0.3635984251494721
0.5658601683466202
0.7123233871919326
0.4190124965511605
0.6537206194239412
0.42976619148206
0.4642476801912539
0.5240197802663409
0.39964792487201917
0.47326414946858564
0.39944643674482033
0.6834445392525657
0.18136406052888235
0.1385833236056238
0.82753220093763
0.9366013844470603
0.6859839802898946
0.4706445760081833
0.4899168428292348
0.14164068293150214
0.7709981133640654
0.16696192604606166
0.5210595301680112
0.6612918961311527
0.4117232057723087
0.3986608596456683
0.6844901435389852
0.5898196635889528
0.1416221354395935
0.13425948793834183
0.5581202060736187
0.5352192555257115
0.15627397687762956
0.5129998591708494
0.5166923301355075
0.7943745511625088
0.5738783971683193
0.3576766867919458
0.7657986976929926
0.8753472893951836
0.5595028666170035
0.5098259736084417
0.4627803783700512
0.7473725462638603
0.7586672156949464
0.46626876397517736
0.5397705911225874
0.4632734631554986
0.21085131174319616
0.6075934407799284
0.44347418146248013
0.5587748961974054
0.44184754859580766
0.13039006999180638
0.5184670305857514
0.32625528551082617
0.8543952777604069
0.8334948142333575
0.5958790801818842
0.21184333929069313
0.8736315749400914
0.681995398630772
0.7599039495605586
0.7219392987770714
0.7374626954254874
0.44574344169850727
0.6820768416760434
0.84900251391762
0.7886059664519065
0.18020399865738781
0.6466336315784135
0.352975598392286
0.2517656769649294
0.559991854110172
0.18163897559265313
0.6334664909176554
0.7114956874692261
0.7953961158961573
0.5196815575269332
0.5265248549654026
0.20321043568595348
0.8339912106993208
0.8024484761801457
0.39976986327865394
0.1937088721523594
0.6259612948807415
0.7463632411936052
0.8606135601856051
0.72866720165802
0.45602070730423017
0.2204845435742485
0.7845874517784883
0.44799654610366857
0.5769654909042569
0.8064340259676535
0.49820647594675155
0.14400145904143966
0.6902062983469845
0.18244498177095886
0.39463538230506134
0.6409198197657078
0.22709503965535976
0.6905824850540192
0.42510769620679706
0.5906566558281857
0.19093624988259986
0.39128339610018226
0.3301731683008405
0.7901191936931976
0.17393969156651132
0.8136464748265678
0.21186757677678159
0.46268759977654905
0.5668569113967775
0.1285879227330627
0.17266003150299586
0.6370754674566392
0.23988656203141245
0.4675483215322897
0.7722633934094224
0.23945422739538
0.3288643278633333
0.2230122032104672
0.3833040575418887
0.5713306691347455
0.484208222669973
0.6932098176147942
0.4297653369753681
0.5166923301355075
0.7711368561264873
0.5494342882772606
0.20731586134247154
0.4538480889060148
0.5814959558251995
0.5764782895194408
0.26590453602096187
0.7657531750262915
0.21503211694521857
0.6314602381276133
0.7751731479469147
0.5100535070751092
0.9103951722977142
0.479327513355888
0.4571745800495216
0.8719294077583442
0.43236027563094764
0.1835538982817705
0.7561378294920187
0.43362337598528466
0.7805949284091535
0.6592818306858143
0.16701017504027402
0.3027240666462378
0.2421236651382702
0.11654909082044125
0.31494347550524027
0.5585876345047627
0.3678487505779202
0.651268763906806
0.38256353005884947
0.26900557523375285
0.6242302298242337
0.7319451531240166
0.6719244003527134
0.49090122838718186
0.27149379486393177
0.3812101299744662
0.41072386759846197
0.6186949695758261
0.6571663924064737
0.3458144407540669
0.517808839175079
0.22666357223128691
0.21947253669459907
0.8639509683213625
0.4164791277445293
0.6071016775396851
0.37708891077812157
0.5978950536791562
0.5548879536224182
0.3645483093621024
0.15435472540203488
0.758919398298772
0.7586177247207746
0.768806735074316
0.4634045075959972
0.491718042670272
0.8523852158126104
0.38162155460273667
0.7135863825180184
0.5811503403260225
0.13436916265702584
0.5661375583485617
0.6162310332275673
0.16636288930696896
0.8214837623074577
0.6022520536050289
0.3007261246337211
0.49567397089730814
0.31823966593887176
0.36412826435160706
0.7992799555142907
0.6830625023242671
0.49255518136189974
0.722825161547378
0.9423252394370526
0.45609583737118586
0.33702628981158295
0.28137229111344264
0.5722140599605606
0.4533146099693717
0.4904385805374865
0.4290698915673939
0.5597837866273859
0.5655865594282414
0.26906335631163397
0.332682691894556
0.665202028449427
0.7314199089324774
0.7527693052822062
0.39717655663468576
0.6702563610483568
0.5508804958383087
0.5776001414703928
0.6409198197657078
0.46055257470854455
0.2905525578104745
0.66099110661138
0.5641705425508071
0.425367432970695
0.5990265981964545
0.3901987639584659
0.862215823835998
0.6416864618454151
0.8917978302119662
0.3360109296802644
0.265436176318298
0.6207957592254545
0.4062677588767473
0.8383344933805829
0.45814182438915885
0.40357263326248016
0.6582783946445402
0.3998909453618473
0.12163809817341846
0.742542467741606
0.30650921004389886
0.26479785577386367
0.3536088397148938
0.3017309762288388
0.3393743483002047
0.4113103000196506
0.7719282855105682
0.8011698791132272
0.8980397887792733
0.5451332231501693
0.6713182156632927
0.4738539237858943
0.5604780091718617
0.5652277741827574
0.19323188735439872
0.7551179572843241
0.8617347862290587
0.15922680210223997
0.46231513643686173
0.8955204728491316
0.6594292108336702
0.8107294905980409
0.12481605652061283
0.2458989370198066
0.19729855636166366
0.312809622561146
0.6683973825724695
0.5758038012069655
0.7387636766993226
0.34097794196714176
0.298797299430243
0.16677351061082205
0.585895999321415
0.671190842799816
0.7073464072448522
0.6627151972111847
0.13852695405749305
0.09945424443973139
0.243968061129995
0.3748542191003649
0.6584981139854648
0.4065017020113838
0.7006953395240098
0.23851082921208186
0.6792693320796221
0.15370551472620866
0.6992089838864882
0.6359152074714985
0.5647017927631042
0.47134729438918516
0.870498641416692
0.313786217898488
0.6895968236287854
0.2737918078816918
0.6713106762240275
0.5520898027702236
0.6338832456052113
0.7836904223745321
0.49016910764219096
0.4671565707121675
0.4417951234199001
0.8354369112980095
0.6842723242693133
0.42397406690973377
0.13761882758497807
0.22630688748202935
0.4000260730962119
0.48839544747133096
0.22537422819759895
0.8343422482619118
0.40621480728320497
0.7812729125793597
0.46813591763470314
0.371123212853407
0.5768352156430031
0.5034671919262447
0.6186241221440407
0.4675824200235565
0.7959723325869186
0.33183825877919565
0.44090423945893253
0.6475949013241263
0.5372299841911667
0.858768521504775
0.49941630577911067
0.3402651594073907
0.1353056313424968
0.4765232760703414
0.692588724752835
0.32487271885047764
0.470821842445693
0.5152829766738152
0.7742858082196464
0.5963290412209422
0.6861803887169587
0.7219946636735501
0.41243140950636786
0.7937811743799933
0.5258313192537583
0.8502648443649091
0.5833348066091443
0.5325978841155513
0.7505944759393589
0.5221618955230481
0.6138506506838244
0.16939740607012613
0.5846891002770643
0.7649472044065958
0.3643639929782758
0.8139381486233421
0.19700580607159893
0.8658131969191358
0.683065564866168
0.6765009381105286
0.12226276587335376
0.26836049136766005
0.7633429877340429
0.7111832571478794
0.5666514025786422
0.5581039217975786
0.7983328823032938
0.478534628900607
0.7120095417320214
0.5258039746639327
0.7974715695752809
0.7034503855974292
0.2521570854002039
0.5312767025735339
0.8030778936200078
0.38574989851069563
0.3217839197446209
0.619175040723157
0.7336182384635065
0.5029733977165204
0.293737630834643
0.21197075161292062
0.5699343050038213
0.16852959201747023
0.6551425962406456
0.5466746559164991
0.8416571739545915
0.9359523237351709
0.7307669621094659
0.8911001565655726
0.767188321139698
0.14278551314406834
0.6582058646666243
0.37577750764223655
0.5082609641000068
0.49815718831955075
0.28733235568239185
0.38958591258371944
0.8980397887792733
0.47424795332450914
0.8329119508821932
0.554512995609234
0.40904754997907317
0.5517571687035796
0.711743297559809
0.5948415938804875
0.8812707975628311
0.47908360831046837
0.4906565189125813
0.3450893091791144
0.21979274040368807
0.7922481236027861
0.5459830139060328
0.2197178827333111
0.6546358114689982
0.7241393559302506
0.4532666584456969
0.27050227083001166
0.5898858422783464
0.43066168935803717
0.8711712398062754
0.8142521320652675
0.19480458546462281
0.7498910916451303
0.7316663206914135
0.34116044380386634
0.42103704147396936
0.7655436175241107
0.37139013531079046
0.5065093946113003
0.5809611523973933
0.8978578032717975
0.8655028936106623
0.32211901136113735
0.2702136780878898
0.783381301935817
0.756153421139589
0.7555763806075851
0.7789784067896733
0.35869625874371847
0.8327520578805382
0.8950602347566948
0.5202720508638563
0.15367292039305483
0.39172689154589435
0.5608170538864987
0.8205733978731865
0.7125240377274338
0.5180763889731924
0.332868233376921
0.5750060508377909
0.48950691976807686
0.6950772572862133
0.36406110217708476
0.8489070577650879
0.33435568722764536
0.7865601236563745
0.7129735443913815
0.2977648316066899
0.4780526464604709
0.23991196685607769
0.48163435092851453
0.8289142620780005
0.5389515983805923
0.6928307599795339
0.7937681530305417
0.7480693882745273
0.8476501037078276
0.6247119640829262
0.665171018319308
0.7080247396421556
0.6669053932766205
0.8721848631705825
0.33936674189283966
0.4952465601034647
0.10818476134363092
0.8033449195177313
0.7437137025631031
0.5315860335479224
0.8295448649760233
0.5043462304478087
0.9242569412070628
0.4154292212091479
0.5713622990203483
0.8405331575541427
0.797645734502946
0.7810463980121312
0.7879792044885275
0.2725317402642661
0.42073553069544084
0.6664842250996909
0.35923328417727024
0.596548211681914
0.5885628662465296
0.7597940611222063
0.6528129190425859
0.43785914877577486
0.5379618586851572
0.4720184670237184
0.4879251305929878
0.33982440705482425
0.5091796289295273
0.259634507172565
0.7685245479785514
0.4882048682248789
0.3535982566219588
0.8081232601676553
0.4395058197637154
0.5265261924653739
0.5273396735458515
0.7457232854018017
0.6041955096456156
0.3583080619421431
0.7502951241137933
0.4239000849362603
0.7572737862631147
0.5300260768236938
0.4546771477018096
0.4778600752571161
0.559393789363596
0.6301862015522463
0.1950596330569287
0.10512412910267756
0.3089553442107287
0.5605150970831848
0.5886250267456068
0.2523114328490994
0.41564857882378226
0.18440769682392205
0.881340533517996
0.9448582909721236
0.9249611512281591
0.7096781157054654
0.25050628014092047
0.8658994777067182
0.7711643023113601
0.39813237857051287
0.6709666761885332
0.6108975601847453
0.7707370382950555
0.24552975529362314
0.30453618780919944
0.8175855217141125
0.3838470312051193
0.6755351396734798
0.5115624940553852
0.6294778437593013
0.40922492414232264
0.3345727920886948
0.7404882422889498
0.8345532391233548
0.14621917365817916
0.6923085361194085
0.6129193465780971
0.7203033695918368
0.7965479254835955
0.6895282061804273
0.7058659480637898
0.0815724596655853
0.884128051583161
0.7044843274032384
0.2309784556255422
0.8995772895926312
0.6765343097534948
0.3401700707846602
0.6373859541101583
0.38470037578672295
0.20977053750466068
0.8621990815371313
0.6600607646464152
0.5459249626967881
0.1664872301721561
0.4549125739398918
0.661143257250336
0.39046696513261564
0.664022274405814
0.767648641267199
0.6186949695758261
0.46638545064132825
0.4362547562113528
0.8881142151380637
0.3315629799958106
0.6520912179295765
0.5175162862769832
0.5224928177222822
0.49047634357817316
0.6341587143681093
0.7720570450113785
0.8382106151016666
0.7993468507027461
0.2659673415532102
0.8089134913031422
0.6572261950069813
0.6299736101417656
0.48642664159071514
0.6368200912944151
0.49955680924301293
0.5391893267005422
0.1725781743959833
0.35983007918028986
0.761467258122297
0.7451097408051516
0.37932364747474073
0.14597887674821722
0.6059556493296243
0.523998966204734
0.11684443052014559
0.563863748401812
0.4052125439650445
0.6147344930258968
0.5883150156834316
0.2544204708460757
0.6877354751424282
0.6787201003895699
0.7149252161593558
0.3776809509483112
0.34020068207206156
0.2956862955815323
0.6743772486607315
0.4824304133251149
0.38685990387790586
0.6004894009852766
0.7618906996828376
0.1131139393759502
0.24726658153270734
0.5006471592443851
0.42227374675186463
0.2708646866069591
0.48463256118545894
0.1792978306157564
0.43678099408168936
0.27447492847005894
0.5450819073788752
0.6205344322547216
0.8310532735656538
0.3683654645411047
0.5038915520824029
0.7292989354811201
0.6668380361289787
0.46107463126704346
0.6554633503553979
0.7094813599095536
0.60840556887056
0.25340336495615434
0.8351659609245841
0.5613753694215569
0.7035293628952247
0.45752411859003633
0.5411052271991637
0.5851938159824334
0.5790971699408587
0.5569659887968782
0.2589573930626897
0.8285618549747863
0.3561189542457153
0.4595354683322268
0.20127773092004045
0.4183998393817948
0.5564097454262558
0.6888899798546076
0.7867263751907303
0.5733889026164932
0.6678576250341679
0.4691348028969953
0.29190979854076055
0.6131044029070436
0.3533409600006482
0.23624222582505286
0.40014232934187355
0.46425113705463444
0.5371785987651578
0.5002723716529724
0.5275441771091715
0.4230724212382293
0.736550196961225
0.7012993178073481
0.40436195895271365
0.7501705239080971
0.7238684255756486
0.7106082726180373
0.30096339255649623
0.5381093094249318
0.5038020081687135
0.718073294370569
0.6802989185793932
0.37670376559553037
0.6879617832855119
0.6775288615860712
0.46210231404246366
0.24782833893536085
0.8112767733368309
0.6462590604378983
0.8373093734595072
0.8191739009873833
0.7099134854682526
0.36071109432570586
0.4825991853547439
0.7766721319484627
0.705879828563341
0.25555843480780366
0.6077274454119836
0.8363454913912614
0.5817247959029438
0.8296984623731053
0.642013818646901
0.6778855905893242
0.7804958364707277
0.4537988477149967
0.13055691977255895
0.5027611117839325
0.6036054178113017
0.4752317277400375
0.6680102819194649
0.678806377598658
0.3059808009020379
0.5608312551209708
0.49482273941083693
0.5178835373537523
0.7716051111034765
0.8690230556759231
0.6564764341318184
0.6052884116788688
0.821541929309666
0.6554703511785422
0.2104420118863984
0.6389950395271896
0.13769648416021146
0.5505682095330809
0.8418276130628956
0.1338553030339391
0.805600971113987
0.6257268768567369
0.7818707910752581
0.6182725936852109
0.7767310619387078
0.2637668466895747
0.6865366949581366
0.7962040634271386
0.7946630430128631
0.6451487411198398
0.4458439721047634
0.27788838651478187
0.7898840109405346
0.816009958656824
0.4502242490344803
0.19620127976244225
0.6330309470382055
0.18214991278672998
0.4837740047960734
0.6532873450567656
0.6971858607001149
0.5060790007906955
0.5648465208728437
0.46448993193719695
0.4894313589503497
0.6050669995357987
0.4459231015396125
0.6844901435389852
0.6050937228859784
0.5412128919016006
0.26961006668277354
0.5160063419081664
0.40890503006145457
0.6992847207266276
0.8743070474398579
0.5418842023203548
0.2889308444828148
0.3793501143580154
0.4840687950150949
0.33305687794889544
0.3812101299744661
0.46494476929458634
0.12842573455551415
0.8978419990830155
0.7083336806120822
0.7548405763822507
0.7063427540200613
0.8088656440703099
0.6298893764881743
0.7784931724164972
0.5799714073329539
0.4891619452808394
0.47688862406376853
0.8721024284825536
0.45921329328168253
0.8295529071978545
0.3681301141403137
0.5876293475676968
0.5364589399559418
0.5447132339338016
0.7061935143904134
0.46219293246919807
0.10668204188125568
0.4230154387723974
0.20090232202801006
0.8414446446262566
0.41002721739362125
0.7450528758431939
0.2882379498314075
0.3995468421378902
0.6536816488759418
0.8933586686898877
0.6324407560082509
0.5935884828274488
0.5558058743661961
0.5299316777626673
0.3872651812668528
0.601009735328557
0.46650670346063117
0.8520988661273363
0.13679492720844563
0.4726552604996922
0.5929478667339207
0.3863575602106982
0.6491555636426959
0.6469121330739572
0.6233199357153998
0.2994493033274827
0.3818000316858153
0.44825966349000945
0.6710612097337516
0.6827466654649955
0.3996397333760461
0.3281164878793012
0.498749165497561
0.5416703790640471
0.6248219380845372
0.6277504544865744
0.9035693555293312
0.7130486687206176
0.47349404113491034
0.4822071137932074
0.323745105085868
0.40662137054178804
0.737759853092293
0.2835608560239917
0.47964441872059144
0.3125197111102024
0.5159246710730079
0.49562725321855156
0.5335438172938155
0.7569153188247102
0.4942348698420917
0.6632316056871502
0.4641346767961786
0.7219147782147803
0.7686375344976482
0.45708364436422655
0.7966148904641055
0.6686920740855035
0.3393782438171069
0.6784217096280611
0.4019819945052081
0.9094480385261104
0.497068459447903
0.3695370359721971
0.7648847585117368
0.39783798327181735
0.22712330786292853
0.7261514290646541
0.5709406956084194
0.48713468237116636
0.5926811663940611
0.791288325983517
0.7467509977315451
0.7245988321673252
0.3784909695722245
0.34776941673422274
0.8254354535991373
0.23091094044194424
0.8274510238429552
0.30884968743382857
0.6893825145657893
0.6960629836467204
0.38174679872429185
0.19310393153851654
0.6150961994411971
0.6637802561698646
0.8327470653317701
0.2774527817554372
0.6263588464463369
0.43809860456531785
0.41270388678015724
0.7254489383993638
0.597056811979949
0.6700476087018034
0.49016910764219096
0.9094480385261104
0.7967469640726739
0.5069722870544399
0.38635459648607834
0.2598188597596745
0.6134434044015884
0.6645785916863662
0.5801225274929934
0.5491703274266739
0.3249663195053269
0.45078060915653956
0.553585715886088
0.4749161902375696
0.21454733613754348
0.2460726424372653
0.6399505624828322
0.23310810609822338
0.7566993155874118
0.9057487877060544
0.5639421631812471
0.3580439229832961
0.7518834269967096
0.6014475463744829
0.6276773945597721
0.26969856362013533
0.6619350609353001
0.7792379590356869
0.5800938499253455
0.5558113396830148
0.3012065334306917
0.40883761215360337
0.29862017357995635
0.5060596432292288
0.8005700413735001
0.6843253057472806
0.10958489815084875
0.5942503698109027
0.7157558946351603
0.7996099340780765
0.6146047760145332
0.39728153019653234
0.5649879357852612
0.7761765591624271
0.2000233866815817
0.16688290884610618
0.5593850584201001
0.7893302514699928
0.29173545640053794
0.6620600944826514
0.22288311684381482
0.4845329146109837
0.14393751492100795
0.7341330811148757
0.5144751898736067
0.620716664052359
0.40889675936896475
0.15836199401041853
0.36389990852063164
0.8389383692656205
0.26972564565351764
0.5015078634108022
0.6312946301796656
0.2333523175645215
0.24396806112999508
0.7096827340586779
0.4643061830095628
0.8190664821499192
0.45982855333054595
0.23516546708108138
0.45672246179924897
0.5406674944125615
0.42755370507511253
0.5052822033862815
0.1633812501871135
0.6385195577749774
0.4778060029988695
0.8493185743291014
0.6031353263267244
0.11304538093363337
0.48344898133461867
0.26704422737328887
0.7490032113618823
0.42746919291564384
0.3808287969319657
0.43662915517274525
0.20167290396972665
0.40798010536585416
0.18423579971201057
0.48779714609274827
0.2469803455648903
0.5901201839750546
0.6680765247770538
0.5212310449019624
0.29581856874238355
0.5762482988907424
0.4192104318555395
0.1925914268130501
0.8756889794943269
0.47658003643796787
0.8730437495669537
0.49297912702369795
0.7109547206172457
0.28491929034185864
0.5175183936271394
0.39250335885166593
0.5893877577375143
0.45643569634279346
0.5817516730870194
0.4454131246160985
0.5535489916017929
0.7226334369068184
0.6923489473768445
0.4961850295809178
0.25756506139677027
0.5328406291287183
0.2859121558028035
0.5065114429438661
0.6783191291793716
0.45313085627425903
0.7622905893794604
0.47553908221618385
0.8955204728491316
0.6365203881235059
0.745172150985073
0.08931963837600314
0.8536991125816545
0.8591393069684715
0.2501887964989802
0.4608330108831679
0.8366712468434702
0.47610453571073197
0.7258997406463248
0.2615332887666689
0.7904793570879747
0.42121643777231227
0.7440897773019063
0.9342732410642448
0.47610453571073186
0.3045874083371466
0.3745332459106688
0.37048829587878346
0.26852489461583723
0.49719834507903565
0.6071569008104147
0.7247629211373736
0.10622912519950696
0.4399990776167256
0.3282088417677671
0.8921196450965977
0.5755098332068018
0.5139169359061514
0.1645682426939269
0.45693697445776554
0.5739849709154715
0.5372444547014018
0.5463856210064499
0.665808604683031
0.13680726690158784
0.6830220034753479
0.34646818788713635
0.9088892256080557
0.41366448297741887
0.24810488606486908
0.6566718060187037
0.3635365877343931
0.7219876321143671
0.7890046361529688
0.2600107245454346
0.5564479696593142
0.2639655866847
0.798153064976854
0.28190326927561277
0.6475697173898077
0.8177068252191932
0.7883856197190727
0.5041939599526056
0.5682253669347368
0.23183901071123086
0.3558151374228772
0.654642336208997
0.32324420104850965
0.4042379781455248
0.7958571379694613
0.39414782971836565
0.2429555006684892
0.46204095563321546
0.8249024622086951
0.8952837600790041
0.7296410799777701
0.335447488580661
0.7454770078922329
0.184349996126802
0.7178723838274301
0.3358249440706559
0.6830625023242671
0.1300873228949626
0.559917428314716
0.5893208619693872
0.9214653489158025
0.566047236071561
0.37708077403943746
0.8509421545924574
0.696666675151492
0.5036005279684653
0.28178657719502126
0.9059438849283851
0.6923489473768444
0.23775647949337714
0.16883071712343822
0.39935087366321387
0.4938996744476186
0.6568734145843996
0.5304641000789786
0.7336801441598697
0.4003842228456691
0.8637526105695452
0.1652337926883187
0.37074910024708796
0.15035452353929565
0.6449853372931923
0.2637499840406739
0.5937852682651121
0.5076060717440034
0.8661056891584658
0.3910110586382663
0.8671912972830024
0.5071571370381596
0.8529607917738712
0.5821788194355632
0.2806732350482354
0.619735929052106
0.4903667100222876
0.6310882838928786
0.9435292809972843
0.5023449968655963
0.7010624745840244
0.4472374306971011
0.7966971971887672
0.7249525929892353
0.39955628928262793
0.4267825900342345
0.737427804311403
0.8904640096542845
0.6054635504415198
0.35416029058799
0.6216034873149262
0.43916595423658794
0.13837502846166483
0.4123082063510929
0.38151490912064123
0.631782782296932
0.794975828466949
0.4515536531760322
0.6879859674454626
0.3578700957883449
0.4033053668658947
0.4679185617314476
0.38304472298379355
0.6693573609441745
0.43359607284509577
0.8280862997643199
0.49876479422102915
0.5692059388951035
0.4496818622848663
0.7445047449658241
0.6423564364679766
0.6669501261708557
0.7813504404089342
0.23980715342725964
0.8231391526458345
0.513745151147998
0.4738612053939226
0.438047991186537
0.40133515269511016
0.7768083764853173
0.7749687679721695
0.2197178827333111
0.3587329199664847
0.5858450961817785
0.395681157799071
0.4906565189125813
0.18709279439437299
0.8194721309736834
0.78760063263091
0.6773510642299925
0.2911330335473359
0.7926002487712652
0.21395832990495722
0.30475873744764853
0.43132483387453924
0.7694849328486194
0.7296396916905074
0.4214037906634014
0.7379624196118894
0.781945189493029
0.5599106951863929
0.7053226733401909
0.6654702771793999
0.16997968730449592
0.5030535289594911
0.4417875542722877
0.3103586167378968
0.4901913907212241
0.7314947716081192
0.7572226624129061
0.6760901656642746
0.6475437429531365
0.608962376247077
0.6469741993107421
0.4313501699921435
0.44064520096591564
0.14937806703061388
0.45020494519873944
0.8058536945344499
0.3698495993567192
0.33341776223495573
0.40843886976026256
0.6065815897168307
0.6262670832521862
0.4524031830468312
0.7979328732170045
0.37448922379739785
0.37896335197038555
0.5054324078921514
0.5170475541987344
0.6514190428712816
0.8405325103495404
0.46094541409982426
0.6712071698838875
0.451585753698739
0.46150290406567035
0.3711364366075454
0.630293601150239
0.7978343798842975
0.4286048273181657
0.3647127163694909
0.709138072572971
0.7783359123024567
0.5101955357717701
0.5478068786428587
0.35079765435971405
0.8933485749552206
0.690609982614397
0.6297275975394874
0.7865601236563745
0.49925642810852844
0.5115370044137383
0.5256558466993723
0.7943745511625088
0.17889723639135957
0.6192450651653499
0.2052808460271342
