49
55
57
87
18
54
67
36
50
31
49
33
30
53
34
44
58
42
48
40
57
31
39
59
70
56
56
52
46
20
45
24
34
48
43
53
23
50
49
29
32
38
60
36
49
33
46
59
52
45
47
42
64
33
44
47
38
32
13
63
67
48
48
53
58
40
29
31
46
60
21
48
68
31
35
59
112
48
58
17
95
54
26
28
66
49
49
52
29
50
37
54
67
63
65
56
22
87
57
46
58
21
21
61
48
48
33
29
58
51
67
10
60
51
48
45
57
42
22
54
56
34
22
23
34
12
46
40
38
45
62
29
63
35
41
39
52
68
39
22
87
21
41
28
59
54
56
16
48
32
34
85
51
49
34
57
38
25
69
65
74
24
50
23
57
29
26
76
64
55
75
36
28
50
49
19
37
67
27
60
51
39
77
46
27
27
77
43
36
35
81
52
103
24
54
47
68
42
39
43
17
99
74
67
13
41
36
33
33
49
48
43
36
88
24
18
71
51
60
43
45
75
32
46
59
64
39
62
14
22
21
29
27
57
48
46
65
19
47
136
88
56
48
64
56
10
39
23
59
55
39
124
87
42
42
29
12
47
37
65
26
21
47
69
19
49
41
48
57
79
54
23
74
32
37
26
43
85
32
41
39
25
31
33
57
41
12
79
42
52
31
24
49
74
45
45
51
60
72
74
43
92
44
25
33
46
15
49
42
32
23
75
30
27
38
31
31
28
19
27
66
43
31
74
33
73
24
54
57
42
23
30
23
40
97
44
33
62
17
53
28
47
55
31
55
40
75
66
22
27
69
32
51
28
61
42
50
36
50
23
32
56
50
111
34
32
54
31
57
62
37
26
59
61
47
23
48
45
28
44
41
48
42
50
57
49
16
32
33
44
50
18
56
45
74
51
41
29
44
78
47
40
87
18
33
139
51
47
53
31
54
36
46
21
45
32
53
6
56
24
76
46
34
50
43
56
51
47
78
10
62
73
50
38
25
53
53
52
87
38
40
65
15
64
52
9
54
36
42
53
28
56
55
66
59
33
27
15
73
55
28
71
52
52
39
64
116
62
8
28
26
44
7
9
69
36
43
32
56
28
60
54
44
18
70
48
49
73
20
104
48
39
38
40
35
27
53
53
59
26
57
31
65
46
37
76
72
39
25
32
49
24
99
31
20
66
62
94
22
33
54
51
34
52
32
50
57
24
43
139
52
37
36
87
56
47
70
27
30
19
44
41
31
50
63
24
45
37
13
57
64
20
50
21
46
50
37
144
54
65
52
57
98
49
68
99
14
36
51
19
61
54
42
49
57
38
22
59
40
50
32
52
43
123
20
95
48
26
9
60
87
66
41
76
43
32
42
46
60
40
33
24
28
30
31
40
76
60
72
75
54
97
67
54
19
78
57
32
7
42
41
20
42
46
12
43
30
40
45
17
49
44
12
50
41
21
61
31
104
33
57
49
32
56
13
98
42
60
43
21
87
67
79
83
42
51
34
50
23
30
47
117
45
86
111
32
47
101
42
94
76
65
46
54
68
29
18
37
37
47
69
53
42
50
48
26
33
33
53
57
57
69
49
40
24
40
42
41
55
46
32
44
44
31
37
79
63
50
28
71
35
39
71
55
63
45
67
30
76
35
29
44
139
42
65
55
41
58
37
91
69
20
56
60
24
53
19
37
39
45
67
47
36
53
91
10
59
18
38
43
40
50
44
61
119
20
49
53
48
47
22
54
36
43
38
23
63
77
78
139
43
48
20
42
49
57
45
42
51
19
73
51
28
36
87
13
67
40
83
38
45
52
73
42
55
54
47
44
70
42
36
35
29
55
43
29
51
54
42
20
39
51
46
31
47
60
24
51
99
61
48
54
43
23
59
53
51
68
32
21
44
40
55
9
54
39
28
23
76
47
41
28
60
22
86
42
21
104
52
119
43
20
71
49
28
36
69
41
25
109
14
33
39
94
42
50
58
60
60
41
77
99
24
73
42
35
45
46
18
42
49
50
16
27
57
57
54
40
31
47
56
34
21
15
61
65
26
98
46
68
21
43
46
32
23
52
28
17
40
44
53
42
36
57
60
62
36
56
48
47
60
98
36
19
55
76
13
42
32
66
24
29
48
51
39
31
31
35
24
25
48
39
86
26
62
47
47
78
95
65
63
64
14
53
38
29
66
19
35
43
40
62
43
40
53
40
28
39
76
127
45
70
56
50
64
31
32
26
51
58
42
40
28
17
34
42
34
32
51
51
28
72
123
46
12
48
151
45
52
59
125
70
31
120
26
40
39
56
30
33
18
58
52
65
32
79
31
60
51
28
57
30
108
19
58
26
132
125
72
26
34
58
48
40
50
47
28
31
38
38
41
25
70
79
11
39
119
18
38
51
117
28
54
19
125
99
35
123
52
33
28
71
27
26
36
43
26
42
43
55
75
31
32
26
12
151
34
78
125
98
111
71
29
40
25
139
32
50
20
42
58
40
62
16
27
50
113
31
27
31
41
53
44
48
83
42
60
36
65
83
69
26
41
76
26
51
57
58
57
48
24
49
44
62
52
52
53
34
31
33
62
103
90
63
14
85
70
30
50
45
48
76
31
46
44
33
44
47
33
44
18
56
39
47
58
46
74
88
30
67
70
57
31
151
28
30
12
21
76
35
29
52
67
34
17
72
42
53
35
45
58
61
26
16
60
67
56
35
73
43
50
65
42
50
72
31
64
43
46
47
51
48
15
50
31
39
64
22
16
56
60
41
23
68
52
35
49
124
20
34
58
32
85
11
40
59
50
47
53
38
83
65
39
72
42
67
15
68
40
20
52
50
13
144
50
75
85
46
64
32
30
43
48
31
27
30
57
43
92
117
66
37
33
36
87
35
56
76
22
12
33
39
41
57
52
62
48
50
41
62
54
84
52
67
118
38
37
53
14
43
99
34
71
10
17
60
24
38
14
111
26
42
51
46
68
44
48
62
74
41
69
76
46
15
33
36
14
64
10
29
19
23
44
34
53
117
36
54
56
46
30
65
35
36
40
66
31
39
71
45
42
30
21
13
64
20
61
34
26
30
29
47
45
22
51
19
58
50
24
46
41
47
93
43
65
50
61
30
56
50
61
63
18
55
45
33
31
32
52
59
39
51
58
70
43
48
71
45
42
40
65
26
46
32
119
18
39
26
25
38
44
63
29
24
49
32
121
54
78
19
64
57
34
26
32
57
34
34
72
56
53
18
56
76
38
24
73
49
41
29
41
107
56
29
54
62
31
44
27
126
19
76
71
44
35
78
60
53
49
63
58
44
22
45
43
83
56
44
53
40
54
58
32
66
27
55
17
14
30
71
56
54
62
120
10
81
14
56
44
33
50
35
60
82
29
36
23
28
56
80
14
54
52
14
38
59
42
31
51
29
49
102
68
25
63
37
46
60
32
23
41
53
81
32
44
67
44
23
38
16
40
68
38
53
31
48
60
53
37
15
58
48
73
65
76
41
44
31
60
31
70
30
18
88
46
53
43
51
52
32
31
111
33
13
102
7
95
27
44
60
99
65
44
82
28
31
51
22
45
47
32
47
35
40
30
37
48
68
69
56
93
15
88
43
59
35
59
15
32
57
92
36
83
13
26
26
124
40
67
53
54
33
29
33
42
