383.15935415200005
454.1713158039999
366.21949481999997
723.213874872
144.042258736
437.16339397600007
415.272258664
219.147058152
422.1615000680001
191.131014164
373.137946448
228.115029752
276.033540956
336.210073008
300.066555336
365.104541708
451.1855689
287.152143532
328.178692628
281.152812228
352.2249741239999
238.095356928
426.981272756
424.19982199599997
499.2695732960001
444.1406731200001
410.1660152759999
306.21949481999997
339.16952491200004
160.074896256
324.16379151200005
164.083729624
239.107691876
464.09300963199996
299.152143532
382.17149907199996
169.073893212
387.151368256
288.22016351599996
263.071762272
242.094294308
272.1194635
404.22709936399997
325.07820331600004
288.208930136
241.11027872
350.118794804
354.2406241879999
324.208930136
427.0620252640001
354.1651678040001
360.081492848
484.182808212
314.045819892
324.1473925
290.18819469199997
204.183778008
315.04106886
76.052429496
372.26644501199996
494.211609804
414.13781181999997
389.14993234
327.21982916800005
445.1783753440001
294.14806119599996
260.02481971
200.131348512
274.204513452
404.22709936399997
104.10699048808999
371.148120772
392.29265976
273.06372245200004
776.686699832
412.20384475599997
868.345261124
328.178692628
426.195485564
152.044488052
603.3618615159999
451.141117244
277.038193464
246.065199672
580.1347322120001
305.199093724
349.179026976
358.1780239319999
236.090940244
317.199093724
305.081871052
343.22597716800004
476.223055976
614.116518594
382.2719243159999
404.19071385599995
131.094628656
693.278996744
374.20932406
373.11479271999997
330.255880328
141.078978592
213.007181888
500.189847392
357.17043436399996
298.193280072
167.167399672
613.769650768
459.1866315199999
360.18492088000005
495.2344911639999
92.00289246
441.216475104
350.1841719319999
315.19467704
316.156911628
392.19990224799994
386.04773380800003
131.094628656
447.12487873599997
406.189257312
179.167399672
131.094628656
190.05897142
179.167399672
90.031694052
373.11479271999997
309.134048856
274.123676288
427.050791884
493.167141964
154.135765196
480.2233513760001
212.15247788
293.152812228
264.1473925
414.1314676639999
418.2719243159999
265.157897608
236.003782116
723.213874872
133.089149352
357.0960852
161.12845420409
446.2066386920001
339.231062548
406.189257312
181.970750672
389.14993234
244.088163372
179.167399672
563.301189442
286.22966558
335.176440132
273.08234972
392.20999275599996
274.123676288
150.104465068
506.2717994640001
685.0175567140901
412.3341306479999
180.063388104
300.208930136
182.059051672
392.19990224799994
247.062676896
170.105527688
477.3162487159999
498.205576072
390.186276544
547.2352215239999
233.141578848
283.001074952
375.13267104
349.179026976
152.047344116
305.081871052
527.154947684
249.016725016
820.880323412
370.153740832
265.157897608
585.2104426919999
295.17835828
204.089877624
152.120115132
506.28144344399993
430.06104080800003
318.067427928
243.137162164
430.38108084
356.18563473208997
704.3897480040001
287.951162504
405.17516472
435.0655693559999
493.2590086120001
279.162314292
369.07588234800005
266.155180312
137.047678464
749.2916908439998
575.209006776
527.154947684
89.047678464
410.035476168
215.152143532
218.126657056
206.130679816
309.194008344
319.18152551199995
318.155512572
285.092041812
606.316607464
216.042258736
144.042258736
488.24101811199995
441.139681328
820.880323412
312.16985926
301.167793596
585.1909873619999
294.06722403200007
296.177630008
385.24777523200004
504.20319632
396.00215252000004
452.2010451199999
110.036779432
303.91460403199994
166.05646932
260.02481971000003
162.11246979209
440.19607400800004
289.20417910400005
390.07894985999997
404.26750763199993
228.997099436
348.176167764
874.5078570480001
606.316607464
418.174001172
324.183778008
530.148760736
428.15659346399997
125.971809826
426.981272756
238.033819292
392.22202024009
390.186276544
284.1194635
748.5085257439999
704.2393070560003
311.13036253200005
378.116682452
223.084457896
183.971433464
318.16998466808997
305.10117058
500.18442975199997
247.0426904
141.078978592
312.195011388
492.242435756
139.063328528
344.173607248
254.167065324
324.183778008
379.214743788
583.2591377980001
405.17516472
165.078978592
416.3290452679999
203.131014164
245.141578848
149.12044948
318.155512572
563.301189442
211.120843404
284.15247788
290.13789043599996
149.10519334
358.956803192
167.167399672
481.1322363200901
310.123676288
168.000984004
450.3497807119999
260.173607248
336.204907376
230.094294308
185.080041212
344.173607248
416.32904526799996
356.1194635
327.147058152
312.208930136
456.194359756
384.339216028
412.3341306479999
278.178298704
511.43703880009
337.1437843399999
238.066617316
206.130679816
296.18886338799996
200.007212256
375.15943440399997
275.167399672
194.130679816
294.9488253519999
541.2280279679999
295.01668395200005
204.089877624
235.168462292
211.11431854399999
178.135765196
224.079706864
156.034192588
204.089877624
452.23743062799997
346.11648629599995
212.116092372
420.32395988799993
314.06511942
396.339216028
235.001074952
332.22202024009
386.2027992
435.99706714
255.00785058399998
236.094963004
135.104799416
309.134048856
557.4312847240899
357.11471246800005
210.125594436
368.2562742519999
111.07964728799999
776.8541086639999
166.12264055209
294.194342692
389.20630434400005
303.053445112
414.1613283119999
255.162314292
602.206227816
538.1636943079999
181.040878832
152.120115132
492.242435756
241.11748934
312.208930136
159.125928784
493.14381967599996
300.139326352
329.18383758400006
292.09066547199996
378.157957184
135.104799416
254.101504928
426.13646473599994
343.170292132
778.3941646879999
244.121177752
267.096753896
339.21982916800005
286.050905272
447.14803246400004
438.21547205999997
318.06588664
233.035793452
392.22202024009
406.2137578079999
290.18819469199997
199.048072388
392.09847660409
324.16379151200005
270.061612188
435.99667059999985
266.163042564
315.19467704
300.139326352
393.13834393599996
448.15537034
412.112459972
167.02656616
254.101504928
253.10942319199998
315.147058152
390.13146766399996
136.052429496
284.271530392
364.10929274
408.32372203409
409.148949972
352.071365944
244.080769484
324.1473925
656.156362084
290.18819469199997
402.03495410799997
560.353362496
136.063662876
205.131408088
928.50742858418
312.208930136
312.195011388
374.176105784
263.053548128
421.163770836
303.101919528
390.07894985999997
180.042258736
316.156911628
322.01232684400003
387.19065428000005
62.000393923999994
328.24023026399993
181.073893212
477.3162487159999
291.18344366
179.167399672
468.0692613319999
286.179361324
790.8697587280001
506.05008067600005
290.18819469199997
545.262481828
88.016043988
433.210052332
478.2719243159999
348.183778008
305.12766010000007
185.084063972
374.176105784
327.21982916800005
388.15537034000005
615.29630112
278.13789043599996
365.060090052
430.2355388079999
122.048012812
427.24710653600005
302.2245802
95.98788513800001
282.255880328
254.126657056
257.177964356
357.194008344
206.087769448
790.8697587280001
307.25112929600004
428.25840574808996
390.2217805639999
254.094294308
225.086189212
104.047344116
478.2719243159999
434.17541881600005
265.03685607200003
488.24101811199995
388.15537034000005
407.164303428
221.177964356
530.148760736
824.3996439919999
434.2104669319999
60.032362748
198.089208928
144.115029752
383.069113448
62.017524355999996
76.027277368
408.2875743799999
297.10731857999997
299.152143532
300.05284048399994
790.8697587280001
313.978045948
820.880323412
386.18417193199997
348.1256115
287.860066272
451.29472542400003
437.1121876040001
288.208930136
570.22670544
149.051049592
766.33599818
293.199093724
286.154209196
318.07316070800005
365.060090052
225.136493468
195.089543276
464.098643312
408.14519958
354.2406241879999
182.079038168
806.864673348
320.01193292
404.2562742519999
296.18886338799996
262.131742436
667.1823743720898
540.207626872
269.164045608
211.074561908
224.116092372
348.16852186799997
151.099714036
670.3842687
200.131348512
149.051049592
568.159413728
416.25358888400007
628.362470636
212.025563116
254.105527688
474.1066663280001
312.208930136
300.063388104
356.18563473208997
241.11748934
300.208930136
806.864673348
245.012267268
287.167399672
928.50742858418
302.2245802
262.131742436
285.092041812
723.213874872
418.174001172
277.204179104
412.29774513999996
310.9945125919999
210.115698448
163.030314148
307.168462292
357.07678567199997
208.121177752
309.209264484
461.227868988
214.04121318
435.051854504
293.10519334
177.94322572800002
352.2249741239999
522.186080816
227.00257874000002
300.208930136
133.089149352
361.13140808800006
317.199093724
270.113505528
913.555141588
405.17516472
529.1625443579999
388.15537034000005
405.185942196
720.3127606359999
375.140134876
392.29265975999994
670.3842687
136.038510748
220.15756326
312.208930136
143.058243148
529.1837929840001
405.17516472
350.09364267599994
390.16674595200004
410.1904804359999
248.15247788
186.04629856
443.170119168
285.136493468
326.18819469199997
255.089543276
427.14918339199994
454.0300139280001
846.4415088040003
129.10144535199998
718.300264304
371.148120772
149.12044948
76.01604398799999
439.168099212
723.213874872
424.24610349199986
347.0939770240001
477.316248716
324.15460312000005
237.092041812
356.088243624
361.14378433999997
820.880323412
284.13471963999996
265.09099982000004
182.086684064
146.15314657599998
231.100776656
221.10519334
259.157228912
477.3162487159999
405.22637109199997
412.32100600408995
467.303558792
360.1936739959999
761.261830196
513.1958588119999
391.17835828
172.030648496
581.2638192200001
473.16589607599997
317.06234046
145.96249032
334.127719676
334.09872805599997
194.055223432
299.14005462399996
359.13036253200005
168.000984004
303.138992004
209.12766009999999
289.12334194
342.11621152399994
137.058911844
309.194008344
272.177630008
183.971433464
317.199093724
309.11873522800005
257.975237564
416.2021305039999
191.131014164
838.2983109320002
314.06511942
357.230393852
310.193280072
241.11748934
411.18458653199997
114.02516919199999
765.2944677159999
321.143704088
820.880323412
373.10625596
170.05138394
704.2393070560003
411.277344044
500.29853298799986
653.2212814800001
287.152143532
340.19072011209
300.066555336
378.138657656
238.033819292
218.105527688
401.104541708
810.420379436
366.102272148
717.2413700800901
729.408811708
333.000055344
291.1986998
572.4542112401799
266.178298704
665.3047405639999
477.316248716
519.1730287900001
359.13036253200005
399.16818752
554.156890332
211.110947416
153.042593084
299.093977024
321.059027432
354.1651678040001
326.35486609199995
455.090242816
270.173213324
317.199093724
328.178692628
181.09715407609
167.167399672
308.0354591039999
314.2245802
370.21440944
408.170351708
774.9483131500003
344.173607248
259.168462292
194.08037556
259.157228912
363.088891644
420.01021866800005
394.1791668039999
389.104541708
155.167399672
277.183049736
263.18852904
207.110672644
267.125928784
581.2656696879999
484.16107686008996
339.19467704000004
242.0579088
502.23668168
221.152812228
395.0358105160001
454.28315769599993
376.19982199599997
517.1631192039998
290.17507004809
513.1958588119999
307.026291388
501.287908728
265.11175858409
244.080769484
437.02390844
928.50742858418
270.173213324
382.2719243159999
421.16893646799997
383.0751334
426.206718944
332.06847348400004
668.346654368
467.25912776399997
155.069476528
460.13042210799995
414.20423867999995
164.083729624
403.14851113199995
205.974525856
365.0536626059999
290.11859090800004
424.068884472
527.1791461279998
318.16998466808997
386.026759912
327.21982916800005
529.3999845960899
92.00289246
390.2217805639999
136.063662876
316.08816337199994
269.177964356
297.11873522800005
300.208930136
267.18344366
435.227039788
888.4134378880001
151.063328528
419.12927714799997
455.090242816
389.13755608799994
315.16568542000005
136.100048384
394.15470164399994
233.141578848
318.155512572
240.16264864
182.0579088
497.1685814439999
530.266838936
513.327917372
928.50742858418
260.188863388
482.07688090000005
176.032087976
349.1215121
288.22016351599996
352.2249741239999
292.178692628
410.017802584
414.124942804
147.053157768
539.253254536
531.063059572
228.085854864
189.19534573599998
627.316917412
94.053098192
531.180395212
365.060090052
585.2857364359998
285.10347908800003
290.17507004809
359.189671912
520.222781204
323.143390416
519.1010515400001
332.22202024009
376.13828435999994
320.16371126
482.268176328
410.017802584
220.15756326
650.790051864
258.0640568
446.15209652799996
332.13319898
188.104858992
452.118378116
332.22202024009
378.116682452
118.08625504409
369.07588234800005
318.20637017609
230.2245802
296.062006112
469.026597004
615.0778804360001
185.080041212
360.18492088000005
749.2916908439998
485.19262635199993
392.09847660409
405.17516472
349.10962708799997
174.07931294
392.22202024009
601.922341596
370.153740832
392.29265975999994
207.125928784
192.02700259600002
267.18344366
285.136493468
450.15710165599995
59.04834715999999
332.22202024009
413.98602378799995
211.084457896
254.996617204
477.316248716
450.0852970819999
421.03778258799997
206.087769448
424.17987083599996
236.003782116
717.2413700800901
331.1136669120001
171.064391148
738.38533132
337.20417910400005
882.406460688
430.06104080800003
129.078978592
492.25589739200007
309.194008344
317.95366104
270.103813436
470.25694294799996
263.167399672
197.068807832
719.4257991640001
123.0320284
167.167399672
380.02499614
665.3047405639999
266.178298704
358.1562429319999
433.1823981040001
547.10641549609
424.17987083599996
254.167065324
506.28144344399993
651.3618615159999
151.099714036
478.2719243159999
331.13321965599994
223.14410426809
342.11621152399994
351.129299912
131.058243148
331.1136669120001
340.189926008
309.209264484
138.031694052
209.095297352
368.22202024009
392.2099927559999
424.14567824799997
318.09574728800004
268.08076948400003
277.204179104
437.17486811199996
257.10519334
229.991676144
168.993056048
406.2137578079999
685.0175567140901
213.063722452
690.32985018
386.1201321960001
551.1838546480001
180.064725496
260.188863388
291.18344366
259.095691276
165.078978592
341.199093724
317.95366104
137.047678464
362.06677282999993
371.10050188400004
408.14519958
312.14086764
385.981417076
473.16589607599997
645.0236897880001
384.24466401199993
351.034747896
790.8697587279999
337.16779359599997
277.204179104
424.17987083599996
690.32985018
297.08422401199994
163.030314148
389.20630434400005
501.287908728
102.042927432
244.19394876799998
242.094294308
532.219844144
182.07316494
258.0640568
302.210661452
317.214349864
290.11859090800004
285.06286692399993
242.090271548
268.117154992
182.086684064
296.9644754159999
294.209598832
396.00215252000004
872.0546335760001
250.044150556
416.23112212399997
277.204179104
455.05693988400003
513.327917372
737.2560897180001
485.17357851599996
472.23352213600003
530.148760736
123.04326178
301.240564612
272.1194635
171.125928784
488.22057450400007
117.078978592
324.02721999199997
287.167399672
255.162314292
390.2406241879999
303.138992004
288.112660402
387.19065428000005
255.162314292
203.094628656
413.98602378799995
477.316248716
876.4520734880002
280.193948768
468.26242225199996
444.153265728
317.199093724
484.182808212
191.131014164
285.08733208399997
213.055656304
318.20637017609
477.1760668359999
398.068490548
250.168127944
203.094628656
119.058243148
226.131742436
260.173607248
249.12659748
211.120843404
383.15149190000005
489.072546556
236.061948624
562.1695100479999
811.4731432799999
390.07894985999997
130.017855556
319.18152551199995
957.581356336
314.154976416
383.16674804
392.22202024009
806.45113002
527.2115088759998
187.136099544
881.4224450999999
213.055656304
246.173213324
349.115044728
332.23514488399996
199.103085164
284.07164071600005
131.058243148
372.24342438009
341.199093724
382.2719243159999
211.120843404
610.253982808
267.067762276
820.880323412
318.20637017609
151.136099544
379.214743788
226.095356928
785.3523594520001
221.988132052
368.23112212399997
171.104799416
893.5051121040001
806.45113002
562.1695100479999
149.12044948
266.116761068
477.1760668359999
335.16674804
303.138305036
348.183778008
359.149263644
198.089208928
156.15141526
296.116092372
240.16264864
263.167399672
167.094628656
545.1774551960898
610.253982808
77.029920224
239.167399672
729.481582724
304.9104394600001
239.152143532
340.19072011209
822.4051232960003
161.12845420409
554.046057916
113.084063972
806.45113002
749.2916908439998
225.136493468
811.4731432799999
393.16885621599994
253.11748934
253.052112212
488.24101811199995
165.1153641
174.111675688
250.131742436
264.183778008
162.115698448
287.152143532
345.11471246800005
325.240564612
602.206227816
358.956803192
211.120843404
229.052112212
82.053098192
957.581356336
179.167399672
545.262481828
806.45113002
690.32985018
729.408811708
326.37812695609
228.078644244
259.168462292
244.02825167999998
928.50742858418
155.167399672
348.183778008
149.051049592
319.09497533599995
378.23072819999993
250.156894564
426.23072819999993
108.057514876
242.057053272
300.208930136
853.3309553119999
221.10519334
250.05244656
252.089877624
266.163042564
384.19688568000004
277.183049736
294.209598832
556.297093508
440.04991720399994
424.215078136
331.06267689599997
427.263505548
517.322579984
514.2368762
182.079038168
421.03778258799997
558.2530004399999
183.089543276
420.11372648799994
309.26677936000004
378.23072819999993
410.211804324
414.13781181999997
180.063388104
344.173607248
289.167793596
476.19370465800006
449.118543904
414.1314676639999
422.16218703600015
306.10406544399996
212.116092372
338.012805512
434.25425758000006
616.4186481199998
502.44714372800007
424.236207504
152.015667128
567.31307792
527.2115088759998
315.027390868
300.208930136
453.04128982000003
393.125547432
558.2530004399999
191.131014164
291.18344366
388.10506608400004
338.012805512
370.10123015599993
312.195011388
210.15929457599998
289.167793596
131.058243148
376.20498762799997
234.173213324
315.16568542000005
475.14132114
389.104541708
557.222738692
606.316607464
352.9614946480001
547.17685112
498.2366014279999
357.230393852
187.136099544
957.581356336
270.061612188
199.103085164
60.057514876
133.089149352
570.2478348080001
299.082539748
260.02481971
396.16199700799996
429.26677936000004
300.066555336
136.037173356
562.1695100479999
279.162314292
301.240564612
295.0956912760001
356.1194635
450.14453088399995
481.1682848359999
170.105527688
181.970750672
426.195317004
433.26169398
441.139212964
238.131742436
478.2719243159999
407.11807942
300.208930136
614.0681274680001
326.129824288
300.208930136
475.27225866400005
273.074955832
436.2261169959999
287.167399672
296.177630008
312.183778008
381.1607900679999
307.19361442
175.963961172
312.204907376
320.01193292
247.157228912
530.148760736
191.042987008
181.970750672
444.15326572799995
444.200884616
302.143056068
229.01735264799999
543.1740607479999
388.16343648799995
277.11748934
335.176440132
809.448089676
146.06914218
240.13749651199998
369.230393852
259.095691276
563.301189442
187.98722576
246.173213324
402.20423868
473.1398774840001
318.16998466808997
362.199428072
313.09818981199993
540.308703748
430.24677218799997
308.10485899199995
507.2540423839999
378.116682452
415.272258664
215.921396678
490.224991188
381.07588234799994
129.078978592
388.16343648799995
290.21946028018
141.975836052
913.555141588
379.16960516399996
428.32904526799996
563.301189442
386.1201321960001
466.19223002399997
241.11748934
274.057612192
298.15036970399996
315.19467704
255.096753896
403.849895512
352.9614946480001
806.864673348
320.12598835999995
613.362804984
810.420379436
440.23449325199994
262.131742436
329.05110707999995
296.05093264
723.213874872
238.131742436
408.17189299599994
558.2530004399999
166.06299418
90.031694052
265.08849772
284.1194635
284.15247788
371.224914548
352.19072011209
386.245709568
371.15128800400004
317.199093724
293.16404560800004
384.24466401199993
348.208930136
608.27338086
585.96334832
528.22114752
733.4612412040001
367.039354608
262.131742436
327.21982916800005
121.019749464
434.0490712000001
670.3842687
273.08234972
428.29265975999994
75.0320284
133.053906716
546.1394009040001
236.02806521600002
248.15247788
110.036779432
807.3466053760001
162.115698448
435.99706714
328.21105537600005
366.15929457600004
490.224991188
285.184112356
285.209264484
447.2382731680001
588.1842910839998
306.159294576
556.1989664680001
522.2617535559999
390.07894985999997
138.008195334
285.101445352
285.092041812
92.047344116
479.205635648
78.013935812
248.061948624
163.030314148
182.09160894
324.1473925
239.107691876
327.21982916800005
835.377905504
385.981417076
339.231062548
362.2093240599999
361.14378433999997
295.01668395200005
529.1625443579999
337.04493571999996
254.126657056
246.173213324
501.198849614
286.050905272
308.10485899199995
488.24101811199995
271.19361442
344.10802622400007
276.07217687200006
133.089149352
76.052429496
479.205635648
234.00746844
501.169999088
226.131742436
271.99632392
243.085520516
260.02481971000003
298.178023932
301.167793596
153.078978592
307.214743788
155.026854712
534.150188072
382.144805656
194.06914218
360.112836832
295.135447912
312.183778008
700.329708264
269.177964356
430.23553880799994
348.183778008
370.25079494799996
253.10759335199998
388.19982199599997
329.18383758400006
473.16607934399997
474.20492444
131.058243148
442.16410518399994
366.102272148
252.11571551199998
233.093104432
302.05388603999995
336.204907376
487.15572175200003
307.10308516400005
307.214743788
451.1855689
500.2385735
339.098787632
464.086302712
432.28757437999997
301.167793596
287.163376912
246.173213324
430.2355388079999
157.11027872
431.07575519600005
267.096753896
780.429606728
287.860066272
380.02499614
213.063722452
196.058302724
402.999009788
263.19976242
372.277678392
160.13320523609
253.01889393599998
309.194008344
203.131014164
747.476891268
325.225308472
656.156362084
137.07093932809
427.24710653600005
405.185942196
205.146664228
157.11027872
330.00772013200003
349.24056461200007
205.146664228
249.12659748
540.207626872
380.19990224799994
327.21982916800005
145.052763844
790.8697587279999
477.3162487159999
284.12159499609
146.105527688
578.248030964
415.155686416
293.152812228
160.13320523609
327.113839876
775.354959796
376.20498762799997
217.07726434
325.225308472
416.2198887439999
200.131348512
383.069113448
291.01195742
803.4819766480001
121.073893212
504.31725176000003
508.246789252
383.064333772
308.082874096
545.262481828
384.230059504
401.17508446799997
375.15943440399997
441.21513771199994
360.23005950399994
307.168462292
178.04773804
310.15689456399997
314.14126156399993
517.322579984
790.8697587279999
357.10108227200004
444.155745992
289.12334194
399.16818752
426.206718944
279.06202179800005
452.246378264
195.081477128
376.19982199599997
115.063328528
124.001656876
179.131014164
454.28315769599993
398.211804324
369.21647510400004
385.26382547609
745.4764973439999
75.0320284
586.279134936
125.014664084
790.8697587279999
263.18852904
254.094294308
300.208930136
342.043901744
384.230059504
519.3420695399999
613.769650768
233.141578848
229.04788555599998
236.061948624
411.18458653199997
583.2794692840001
105.042593084
405.17516472
388.15537034000005
124.001656876
239.152143532
485.16299556
356.088243624
244.089957876
318.20637017609
274.04121318
426.109482768
753.3026557080901
543.1740607479999
147.11280414009
454.1922300239999
307.083806264
390.1400156759999
428.23245951600006
255.089543276
169.073893212
383.0751334
336.22016351599996
585.2798632079999
241.09502258
329.14272171999994
496.214426504
263.18852904
182.09160894
318.07316070800005
133.037507704
284.13471963999996
392.29265975999994
303.07928420800005
408.1339662
273.074955832
341.162708216
304.29987663609
575.0021445040002
304.07453317599993
173.96520559200002
360.23005950399994
328.178692628
400.334130648
529.164745148
558.2530004399999
301.131408088
276.183778008
252.089877624
457.1849002039999
302.011264224
508.227259868
248.08287409599998
153.042593084
606.316607464
295.17835828
314.2245802
303.147058152
381.1607900679999
352.19072011209
241.09502258
244.089957876
867.3180956199999
314.06511942
129.033839968
582.4342981839999
113.94453592400001
737.2560897180001
165.1153641
357.11471246800005
483.17856537200004
670.3842687
469.22445294399995
276.183778008
519.3420695399999
246.023180168
226.110613068
328.21105537600005
140.106196384
292.178692628
318.16998466808997
241.11748934
312.195011388
272.08960285200004
365.060090052
179.131014164
305.073804904
335.16674804
418.283157696
452.267507632
790.8697587280001
700.329708264
122.036779432
495.39237379599996
345.11471246800005
459.19065428
268.117154992
411.20457302799997
135.05449516
237.092041812
405.185942196
551.393436416
233.141578848
540.308703748
94.041864812
183.089543276
146.11755517209
809.448089676
259.157228912
415.272258664
310.22966558
338.2093240599999
287.078340558
251.07537358
314.045819892
378.116682452
